4.8500000002604793E-4
4.959999998845888E-4
5.220000000463187E-4
5.369999998947605E-4
5.439999999907741E-4
5.650000002788147E-4
6.130000000439395E-4
6.170000001475273E-4
6.180000000313157E-4
6.180000000313157E-4
6.199999997988925E-4
6.229999999050051E-4
6.239999997887935E-4
6.249999999994316E-4
6.250000001273293E-4
6.279999999776464E-4
6.280000000060681E-4
6.350000003294554E-4
6.350000003294554E-4
6.390000000919827E-4
6.579999999303254E-4
6.589999998141138E-4
6.750000000010914E-4
6.830000000004333E-4
6.880000000819564E-4
6.940000000668078E-4
6.969999999739684E-4
7.030000001577719E-4
7.070000001476728E-4
7.550000000264845E-4
8.14999999874999E-4
8.199999999760621E-4
0.0011779999999816937
0.0011909999999488718
0.002179000000069209
0.002348000000012007
0.0026310000002922607
0.0027090000003227033
0.0031179999999721986
0.003157999999984895
0.0033359999999902357
0.003402999999991607
0.0035560000000032232
0.004716999999800464
0.005016000000068743
0.005305000000021209
0.005734999999958745
0.005801999999903273
0.007980999999745109
0.008011999999780528
0.009962000000086846
0.011186000000066088
0.011454999999841675
0.01164599999992788
0.01219600000013088
0.012518000000000029
0.012573000000429602
0.013910000000123546
0.015370000000075379
0.01580500000000029
0.01703799999995681
0.01735999999982596
0.017542999999932363
0.018570999999838023
0.01857800000016141
0.019334000000071683
0.01962099999991551
0.019719999999779247
0.021047999999836975
0.02207799999996496
0.02243499999985943
0.023576999999932013
0.02388699999983146
0.024406999999882828
0.024429000000054657
0.024672000000009575
0.024981000000025233
0.025136999999858745
0.02536699999996017
0.0261899999995876
0.026472000000012486
0.026931999999987966
0.027205999999978303
0.028276999999889085
0.029678999999987354
0.030870000000049913
0.031090000000176587
0.03128500000002532
0.03142600000001039
0.034613000000035754
0.034822000000076514
0.03938300000027084
0.040574999999989814
0.04110800000012205
0.04131699999970806
0.04223100000001523
0.042870999999991
0.045059000000037486
0.04508299999997689
0.047776999999996406
0.050325999999998317
0.05062500000030923
0.05099300000006224
0.05107899999984511
0.05272500000000946
0.05306099999984326
0.05307700000003024
0.054118000000016764
0.05495999999993728
0.05622300000004543
0.05722299999979441
0.05743500000016866
0.05744300000014846
0.05959600000005594
0.060582999999951426
0.061112999999977546
0.061723000000256434
0.0623449999998229
0.06418699999994715
0.0652229999999463
0.06677799999999934
0.06689200000005258
0.06785899999999856
0.0686439999999493
0.06887300000016694
0.0690559999998186
0.07055999999988671
0.07220199999983379
0.07290400000010777
0.07352500000001783
0.07382199999983641
0.07469399999990856
0.07502199999998993
0.07526800000005096
0.0759290000000874
0.07595900000001166
0.07652799999999615
0.07763999999997395
0.07947899999999208
0.08057799999994586
0.08058999999991556
0.08106999999972686
0.0817819999999756
0.08332200000000967
0.0833359999996901
0.08486899999979869
0.08497700000043551
0.08646900000007918
0.08675399999992806
0.08769500000005337
0.08883299999979499
0.09181699999999182
0.09264899999993759
0.09289699999999357
0.09325400000011541
0.09519600000021455
0.09529900000006819
0.09592400000002499
0.09722800000008647
0.09830799999999584
0.09951999999975669
0.10327099999994971
0.10338999999999032
0.10618000000022221
0.10653600000000552
0.10711100000025908
0.10781700000006822
0.10822700000005625
0.10822899999993751
0.10850400000003901
0.11171199999989767
0.11174800000003415
0.11176500000010492
0.11313299999994797
0.11473700000004783
0.1151569999997264
0.11539999999968131
0.11619599999994534
0.11650899999997932
0.11807099999987258
0.11857499999996435
0.11935999999991509
0.12017299999979514
0.12069300000030125
0.12092500000017026
0.12141500000001315
0.12208499999997002
0.12211500000012165
0.1233780000002298
0.12581199999999626
0.12942999999995664
0.12968000000000757
0.1300300000000334
0.13009499999998297
0.13058600000022125
0.1311040000000503
0.13291800000001786
0.13355500000034226
0.13594399999988127
0.13609000000019478
0.13651599999980135
0.1369649999999183
0.13734500000009575
0.13735999999971682
0.13792199999988952
0.13792699999999058
0.1382730000000265
0.13972899999998845
0.1398629999999912
0.14185699999961798
0.1420379999999568
0.14256800000009662
0.14403399999991962
0.1440979999999854
0.144696999999951
0.1450479999999743
0.14507300000013856
0.14511399999992136
0.145415999999841
0.1457580000001144
0.14622499999995853
0.14696999999978289
0.14722200000005614
0.14903199999980643
0.149279000000206
0.15116299999999683
0.15182400000003327
0.15226099999995313
0.15250700000001416
0.1532830000001013
0.154877999999826
0.15610900000001493
0.15662399999996524
0.15713999999979933
0.15715899999986505
0.15729299999998148
0.15907599999991362
0.16029600000001665
0.1615350000001854
0.1621989999998732
0.16517099999987295
0.1669480000000476
0.17043699999999262
0.17045899999993708
0.17143999999998982
0.17214800000010655
0.1732759999999871
0.17351400000006834
0.17518100000006598
0.1752030000002378
0.17649799999981042
0.1768529999999373
0.17698999999999643
0.17847900000003847
0.17898999999988519
0.1797790000000532
0.1807360000002518
0.1814289999997527
0.18147300000009636
0.1815799999999399
0.18181899999990492
0.18329800000037721
0.18339300000002368
0.18440800000007584
0.1844859999998789
0.18484199999966222
0.18589599999995698
0.18617900000003829
0.18858000000000175
0.18964499999992768
0.18985200000020086
0.19080799999983356
0.1921869999998762
0.19246100000009392
0.1930990000000179
0.19319000000007236
0.19471799999973882
0.1963730000002215
0.19650799999999435
0.19754199999988487
0.19834799999989627
0.1988149999997404
0.19941199999993842
0.2012409999999818
0.20230000000037762
0.20269899999993868
0.20397400000001653
0.20409400000005462
0.20612499999970169
0.2062340000002223
0.20640999999977794
0.20679900000004636
0.20762599999989106
0.20790899999997237
0.20814000000007127
0.2108989999996993
0.21116300000016963
0.212572999999999
0.21266500000001543
0.2147260000000415
0.2150099999998929
0.21643999999992047
0.21675899999991088
0.21685999999999694
0.21860700000024735
0.21947099999999864
0.22302099999996017
0.22405200000002878
0.22725900000000365
0.22791400000005524
0.23104499999999462
0.2318760000000566
0.23276300000043193
0.23390300000005482
0.23505300000033458
0.23565899999994144
0.23603800000000774
0.2365789999998924
0.23771400000032372
0.23838999999998123
0.23894300000006297
0.23967800000013995
0.24020300000029238
0.24219300000004296
0.242411000000061
0.2431189999997514
0.2434699999998884
0.2469860000001063
0.24710199999981342
0.2480399999999463
0.24837800000000243
0.2484549999999217
0.24925300000001016
0.24983799999995426
0.24990500000012617
0.25051699999994526
0.25057299999980387
0.2538579999998092
0.25630799999999
0.25821499999983644
0.2589490000000012
0.26054999999996653
0.26076000000011845
0.26110800000014933
0.26242100000013124
0.2627150000000711
0.265880000000152
0.26595899999983885
0.2660519999999451
0.26656099999991056
0.2668059999999741
0.2672580000000835
0.2675850000000537
0.26797399999998106
0.2685509999998885
0.26885200000003806
0.2697230000003401
0.27083300000003874
0.27276999999980944
0.2735529999999926
0.28190300000005664
0.28305199999999786
0.2848779999999351
0.28946099999998864
0.29252700000000686
0.29278900000008434
0.29420300000003863
0.30078899999989517
0.30471899999974994
0.3056970000000092
0.30609100000003764
0.3071319999999105
0.3071610000000078
0.31298400000014226
0.3148729999999773
0.31861600000002
0.32075399999985166
0.3331810000001951
0.33343299999978626
0.33422699999982797
0.3345470000003843
0.3378650000000789
0.3460399999999879
0.34933699999999135
0.35161199999993187
0.35269799999991847
0.3533949999999777
0.35845800000015515
0.3584730000000036
0.3593230000001313
0.3597810000001118
0.3605000000000018
0.3621619999998984
0.36284599999999045
0.3654060000003483
0.36554500000011103
0.37031500000011874
0.3714540000000284
0.3722620000000916
0.37227800000027855
0.3727810000000318
0.3741139999999632
0.3750199999999495
0.37580500000001393
0.3829010000000608
0.3835339999999974
0.3887419999998656
0.39458700000000135
0.3952330000000188
0.40325400000006084
0.403854999999794
0.4083690000002207
0.41137899999989713
0.4124730000003183
0.4147130000000061
0.4184989999998834
0.42563200000000734
0.4305820000000722
0.4341639999997824
0.4343989999999849
0.4370010000000093
0.4386389999999665
0.4445210000000088
0.4465320000000048
0.4468890000000556
0.4479029999999966
0.4486349999997401
0.448709000000008
0.4554089999999178
0.45894200000020646
0.45947499999999764
0.45985700000028373
0.4610389999998006
0.46361400000000685
0.464574999999968
0.4650349999997161
0.4685259999999971
0.4703519999998207
0.4718360000001667
0.4731939999999213
0.47617499999978463
0.4763589999997748
0.4813019999996868
0.4861819999996442
0.4882359999996879
0.4895070000002306
0.49119900000005146
0.4917099999997845
0.4919399999998859
0.4971769999999651
0.4975710000003346
0.5060470000000805
0.5061610000000059
0.5063410000002477
0.5091149999998379
0.509672999999907
0.5099600000000919
0.5134780000003047
0.5146749999998974
0.5182540000000699
0.5195260000000417
0.5218639999999368
0.5240700000000516
0.5273720000000139
0.5275489999999081
0.5373559999999991
0.5379570000000058
0.5460309999998572
0.5463380000001052
0.5493340000000444
0.5530280000000403
0.5607809999999063
0.5609640000000127
0.5610139999998864
0.5641640000003463
0.5667570000000524
0.5672540000000481
0.5689180000000533
0.5690810000000397
0.584206000000222
0.5886239999999816
0.5949039999995875
0.5962970000000496
0.6001530000000912
0.6004029999999148
0.6023740000000544
0.6039339999999953
0.6044070000000374
0.6075730000000021
0.6088850000001003
0.6097289999999589
0.6097380000001067
0.6121410000000651
0.6138980000000629
0.6143959999999424
0.6195349999998143
0.6219080000000758
0.6276389999998173
0.6300699999999324
0.6314699999999789
0.638836000000083
0.6393890000003921
0.6446279999999831
0.6481390000001284
0.6492980000000443
0.6540350000000217
0.6569729999996525
0.6576660000000629
0.6585370000002513
0.6588690000000952
0.6643409999996948
0.6761390000000347
0.6773279999999886
0.6827690000000075
0.6885250000000269
0.689630999999963
0.6909630000000107
0.6915479999997842
0.6930780000000141
0.6943119999999681
0.6977500000000418
0.7014570000000049
0.7027250000001004
0.7040130000000318
0.7078250000000708
0.7146349999998165
0.7224310000001424
0.7240460000002713
0.727788000000146
0.7288829999999962
0.740788000000066
0.7423309999999219
0.7443600000001425
0.7544419999999263
0.7651109999999335
0.7658219999998437
0.7690489999999954
0.780239999999992
0.7811289999999644
0.7895470000003115
0.7916030000000092
0.7991669999996702
0.800803999999971
0.8040879999998651
0.8048329999999737
0.8136540000000423
0.8169400000001588
0.8196489999999983
0.8208740000000034
0.8216800000000148
0.8276280000000042
0.8281349999999748
0.8295219999999972
0.8396539999998822
0.8422020000002703
0.8527650000000904
0.8533290000000306
0.854823000000124
0.8612570000000233
0.863807999999608
0.8665840000001026
0.8717920000000277
0.877074999999877
0.8794589999999971
0.8860469999999623
0.8863870000000134
0.8877539999999726
0.8910240000000158
0.9012990000001082
0.9041760000000068
0.9058369999997922
0.9093159999999898
0.9095980000000736
0.9119280000001027
0.9200579999999832
0.9204140000000507
0.9260960000000296
0.9286309999997684
0.9347300000000587
0.9366939999999886
0.9572709999999915
0.9630700000000161
0.974393000000191
0.9746560000003228
0.9768619999999828
0.9933930000001965
0.9994400000000496
1.0037290000000212
1.005424999999832
1.0125079999999969
1.0128019999997377
1.0202209999999923
1.0220939999999814
1.0238309999999728
1.0249539999999797
1.0265179999998963
1.030307999999991
1.0303189999999631
1.0463190000000395
1.0520380000000387
1.0653359999998884
1.0735129999998207
1.078450999999859
1.0848500000001877
1.0933489999999892
1.0989289999999983
1.0998759999999947
1.100637000000006
1.1078189999998358
1.1153659999999945
1.1193769999999859
1.124371999999994
1.128881999999976
1.1364290000001347
1.1439209999998639
1.144841999999926
1.155352999999991
1.1671939999999985
1.1699179999999956
1.1701290000000881
1.181088999999929
1.1978260000000773
1.2038269999999898
1.2064620000001014
1.2086810000000128
1.2099800000000869
1.214975000000095
1.2286489999999048
1.2519870000000992
1.2567159999998694
1.258722999999918
1.2720520000000306
1.2737170000000333
1.2952319999999418
1.30161199999975
1.3021019999999908
1.3036850000000868
1.3098970000000918
1.3138470000001234
1.3233680000000163
1.3352469999999812
1.341967000000011
1.3463729999998577
1.3537340000000313
1.3537750000000415
1.3646450000001096
1.3916600000000017
1.3947469999998248
1.395057999999949
1.396603000000141
1.3981229999999414
1.3990699999999947
1.405275999999958
1.4110749999999825
1.411783000000014
1.4136469999998553
1.4149630000000002
1.4238199999999779
1.424073000000135
1.432651000000078
1.432770000000346
1.4384509999999864
1.4488750000000437
1.4602239999999256
1.4750859999999193
1.5017009999999118
1.505625000000009
1.5106180000000222
1.5165340000003198
1.536135999999999
1.5389239999999944
1.544055999999955
1.5514000000002852
1.5666210000001684
1.5752360000000039
1.5909419999999272
1.5976310000000922
1.5987010000001192
1.6000680000000074
1.601118999999926
1.6028420000000096
1.618554000000131
1.6298949999999195
1.6309180000000651
1.6344100000001163
1.635294999999985
1.6425380000000587
1.645330999999942
1.6455619999999271
1.6650080000000003
1.6850190000000111
1.6925460000002204
1.6989370000001145
1.7147049999998671
1.7235900000000015
1.7528550000001815
1.7637880000000337
1.780668999999989
1.7915160000000014
1.7925579999999854
1.8112820000000056
1.817290999999841
1.8351090000001022
1.8565879999998742
1.8605519999999842
1.8729419999999664
1.873711999999955
1.8759279999999308
1.8947849999999562
1.902810000000045
1.9037220000000161
1.9105759999997645
1.9114140000000361
1.912840000000017
1.9202410000000043
1.9236080000000584
1.9236829999999827
1.950460000000021
1.9550120000000106
1.960642000000007
1.965298999999959
1.9697139999998399
1.983545999999933
1.9860140000000683
1.9963330000000497
2.001195999999993
2.0012420000000475
2.003479999999854
2.004327999999987
2.0053080000000065
2.00611200000003
2.032928
2.0572089999999434
2.062238999999863
2.0738199999998415
2.0793760000001384
2.0849130000000002
2.0885370000000876
2.101024999999936
2.121172999999999
2.1316779999999653
2.1374490000000037
2.153251999999952
2.1554459999999835
2.1728940000002694
2.177099999999996
2.1832389999999577
2.1890359999999873
2.1910480000000234
2.195611999999983
2.196613999999954
2.1986289999999826
2.2038280000001578
2.221992
2.259474000000182
2.264046000000235
2.267327000000023
2.267747999999983
2.2745139999997264
2.2790499999996428
2.2808589999999924
2.287419
2.3050320000002102
2.308248999999705
2.3167759999998907
2.3336120000000165
2.3442870000000084
2.3519240000000536
2.3522469999998066
2.356189000000086
2.3627989999999954
2.3666249999998854
2.375547000000097
2.390762999999879
2.3937960000000658
2.396464999999921
2.4064679999999896
2.416109000000006
2.422105999999985
2.4425230000001648
2.444447000000082
2.4462479999999687
2.475328999999988
2.4766669999999067
2.4813620000000185
2.4851000000001022
2.4926839999998265
2.494038000000046
2.4996890000002168
2.5384680000001936
2.561012000000005
2.5638309999999365
2.5654449999999542
2.5694750000000113
2.5726999999997133
2.576524999999947
2.576892999999984
2.5770930000001044
2.5784969999999703
2.5804150000000163
2.585113000000092
2.5859760000000733
2.591179000000011
2.5932880000000296
2.603414999999984
2.6230739999998605
2.6353140000001076
2.6416580000000067
2.671176000000287
2.675728000000163
2.6851540000002387
2.6900610000000142
2.701305999999988
2.702237999999852
2.7032369999999446
2.731676999999763
2.738697000000059
2.7445519999999988
2.7678149999999846
2.777708999999959
2.788571999999931
2.798091999999997
2.8008230000000367
2.8129500000000007
2.818918999999994
2.8220189999999548
2.8563990000000103
2.866237000000183
2.8674419999997554
2.8777649999999824
2.877933000000212
2.8909419999999955
2.892483000000084
2.8962209999999686
2.911727999999812
2.922696999999971
2.9267770000000155
2.933614000000034
2.936232999999902
2.9385039999999663
2.947482000000008
2.9482120000000123
2.9638769999999113
2.9687209999999595
2.9845609999997578
2.990444000000025
2.9919350000000122
3.0105039999999974
3.0251040000000557
3.0304909999999836
3.038293000000067
3.045985000000087
3.051118999999744
3.0688930000001164
3.07064299999999
3.0896999999999935
3.0924630000000093
3.09918800000014
3.119401000000039
3.125891999999908
3.126060999999936
3.1284290000000006
3.128867000000014
3.1293150000001333
3.1353000000003703
3.137540999999942
3.139713000000029
3.143256000000065
3.1436249999997017
3.1553179999999657
3.1675599999998667
3.169557000000168
3.182509000000209
3.203577999999993
3.2083280000000514
3.2180130000000133
3.244521999999961
3.2446020000000004
3.256166000000121
3.2602109999997992
3.263781999999992
3.264071000000058
3.2671730000001844
3.2703260000002956
3.298821000000089
3.3072409999999763
3.3108200000000068
3.314013000000159
3.3353740000000016
3.3359040000000277
3.360116000000005
3.3625219999999985
3.3662940000001527
3.383049000000028
3.3837109999999484
3.3879669999998896
3.3963179999998374
3.4179570000000012
3.4237980000000334
3.4265889999996944
3.428972000000158
3.430223000000069
3.433667000000014
3.433929999999691
3.4350540000000365
3.4388129999997545
3.4415539999999964
3.44772799999987
3.468519000000015
3.473149999999805
3.4760250000001633
3.477150999999594
3.485247999999956
3.4853729999999814
3.4911440000000766
3.500045
3.529775999999856
3.5379500000000235
3.5413640000000157
3.541536000000008
3.544308000000001
3.555260999999973
3.5763489999999365
3.5781069999999886
3.5782680000002074
3.578484000000117
3.5876240000000053
3.6008099999999104
3.6248729999999796
3.6336409999998978
3.6368480000001
3.653340000000071
3.660878000000139
3.6694229999998242
3.6721110000000863
3.688615999999996
3.695172000000184
3.7082570000000032
3.7086479999999824
3.7089860000000954
3.7149670000000015
3.717446999999993
3.7175090000000637
3.7236699999998564
3.7257940000000076
3.7381650000002082
3.742369999999937
3.7427079999999933
3.762760000000071
3.771801000000096
3.7746029999998427
3.7763930000000414
3.787804000000051
3.7894119999999987
3.794206000000031
3.7962760000000344
3.8066319999998086
3.809639999999945
3.8188949999999977
3.8308569999999804
3.8372249999999894
3.83849599999985
3.8499219999998786
3.849929999999972
3.857338000000027
3.8610720000000356
3.864721000000003
3.868170999999961
3.870034999999916
3.885103000000015
3.885676999999987
3.8865669999997863
3.895668999999998
3.9127920000000813
3.9257030000001123
3.931733000000122
3.9428810000003978
3.9510140000000433
3.9585879999999634
3.9618959999999106
3.9648750000000064
3.9721000000000117
3.9830499999999347
3.9842409999998836
3.985635999999886
3.990408000000002
3.994126999999935
3.994365000000016
3.9999139999999898
4.002553999999918
4.004335999999967
4.007106999999905
4.008518999999978
4.009232000000111
4.010228999999981
4.013742999999977
4.014931999999817
4.015035999999782
4.0174690000000055
4.020864999999958
4.021802000000093
4.022598000000016
4.02473400000008
4.033568000000059
4.041385999999875
4.044158000000152
4.045988000000079
4.049045999999635
4.052038999999695
4.0583590000001095
4.058849000000009
4.06642799999986
4.066950000000361
4.0707689999999275
4.071513000000095
4.072394000000031
4.072959999999966
4.080028000000084
4.082071000000269
4.091545000000224
4.102743999999802
4.120323000000006
4.130869000000075
4.132440999999972
4.132796999999982
4.139010000000326
4.143261000000166
4.156280000000152
4.157698999999866
4.1684620000000905
4.170384000000013
4.176287000000002
4.179935999999998
4.185509000000366
4.195334999999886
4.195447999999942
4.1957459999999855
4.213983000000098
4.227760000000217
4.230619000000047
4.230675000000019
4.231866000000082
4.232821000000058
4.23990300000014
4.242161000000124
4.244380999999976
4.256251000000248
4.257796999999982
4.260444000000007
4.275090999999975
4.275431000000026
4.278761000000031
4.283555999999976
4.284919000000173
4.285301999999774
4.28684499999963
4.288692999999967
4.2898609999999735
4.291324000000003
4.292341999999962
4.292374000000109
4.293576999999914
4.29386599999998
4.2950739999996586
4.296082000000297
4.29626600000006
4.301807000000281
4.302972999999838
4.310653000000002
4.316640999999947
4.317458999999985
4.330788999999868
4.333859999999959
4.336874999999964
4.339069999999992
4.344373999999789
4.34562700000015
4.34698
4.354055000000017
4.354377999999997
4.356153999999947
4.3630450000000565
4.3664850000000115
4.368476999999984
4.370049999999992
4.374917000000096
4.380212000000029
4.3827870000000075
4.384997999999996
4.385328999999956
4.389515999999958
4.390524999999798
4.395004000000199
4.4131420000003345
4.414117000000033
4.420297000000119
4.430829000000017
4.432793999999831
4.437981000000036
4.438049000000007
4.4397019999998975
4.4485859999999775
4.463219999999865
4.470456999999897
4.471547999999984
4.4731910000000425
4.474772999999914
4.479137999999693
4.481681000000208
4.485649000000194
4.489683999999983
4.490267000000131
4.514380999999958
4.515666999999894
4.518100999999888
4.521235000000047
4.523951000000125
4.532702999999998
4.534016999999949
4.54046100000005
4.541449999999941
4.54660100000001
4.547790999999961
4.548850000000016
4.550208999999995
4.550599000000034
4.552781999999979
4.556265000000053
4.556601000000001
4.558952999999974
4.559056000000055
4.559246999999999
4.567113999999947
4.5712069999999585
4.576504000000114
4.577718999999888
4.57812100000001
4.579965999999786
4.580097999999964
4.581503000000112
4.582522000000154
4.583504000000005
4.5835839999999735
4.583884000000012
4.584129999999959
4.590349999999944
4.592110000000048
4.592632999999978
4.592637000000195
4.5933179999997265
4.593776000000048
4.593966999999793
4.59521600000005
4.59725299999991
4.597430000000031
4.598715999999968
4.599749999999858
4.60038700000041
4.602610999999996
4.602813999999853
4.603276999999707
4.604047999999921
4.605711999999983
4.612084999999979
4.612869000000046
4.6129719999999
4.613260999999966
4.614534999999989
4.615237999999863
4.615769999999884
4.61641400000002
4.617691999999806
4.619391000000178
4.620182999999997
4.62111700000014
4.622004999999945
4.62254200000001
4.622613000000001
4.624821999999995
4.624831999999969
4.6251139999999396
4.6283800000001065
4.62861799999996
4.631515000000036
4.633773999999903
4.6371790000002875
4.637533000000076
4.643170000000055
4.651897999999619
4.656101000000035
4.6575739999998405
4.6654929999999695
4.666889000000083
4.667553000000225
4.6695159999999305
4.671014000000014
4.677499999999782
4.681287999999995
4.682823999999982
4.68393100000003
4.68683800000008
4.696247000000312
4.696369000000232
4.698928000000251
4.699278000000049
4.700605999999993
4.700831999999991
4.7030070000000705
4.704590999999937
4.713345000000118
4.713901999999962
4.716402000000016
4.7170069999997395
4.718259999999987
4.720822999999996
4.722854999999981
4.725206999999955
4.7281050000001414
4.729197999999997
4.730501999999888
4.731469999999717
4.736494999999991
4.741942000000108
4.742479000000003
4.742699000000016
4.743309999999838
4.7446579999999585
4.752932999999757
4.761696000000029
4.765335999999934
4.76609899999994
4.769445000000019
4.778205999999955
4.780115000000023
4.783426999999989
4.783911999999873
4.785077000000001
4.789572000000135
4.790873999999803
4.795975999999882
4.796569999999974
4.805029999999988
4.805202999999992
4.8053100000001905
4.808967000000166
4.809940999999981
4.810670000000073
4.812406999999894
4.813875999999993
4.818011000000297
4.820066999999881
4.822723000000224
4.823233999999957
4.827492999999777
4.828716999999983
4.8351390000000265
4.835725000000366
4.84007500000007
4.843719999999848
4.846510000000002
4.846694999999954
4.851323000000093
4.852364999999963
4.854836999999861
4.8551800000000185
4.8553860000001805
4.8565849999999955
4.856725000000097
4.8579429999999775
4.858224999999948
4.86033099999986
4.860358000000133
4.861152000000402
4.861312999999882
4.861718999999994
4.862544999999955
4.865101999999979
4.866067999999814
4.866645000000062
4.867805999999973
4.868796999999972
4.86880599999995
4.868967999999768
4.869748000000072
4.87027100000023
4.871249000000262
4.872483000000102
4.872665999999754
4.873988999999938
4.874135999999908
4.874192000000221
4.874866999999995
4.87528999999995
4.877591000000393
4.877664000000095
4.877716999999848
4.8788620000000265
4.878967999999986
4.880941000000007
4.881357000000207
4.881599999999992
4.881616000000122
4.882446000000073
4.883324000000016
4.88478299999997
4.885389999999916
4.8857079999999655
4.885737000000063
4.886216999999988
4.886273999999958
4.886349999999993
4.886407999999847
4.886699000000135
4.887553999999909
4.889532000000145
4.88953699999999
4.889613999999938
4.8898300000000745
4.890027000000373
4.890422999999998
4.8912930000001325
4.892031999999745
4.892101000000025
4.892336999999998
4.892484000000422
4.892663999999968
4.892746999999872
4.893162999999959
4.893398000000161
4.893576999999993
4.893611999999848
4.893622999999934
4.893699999999853
4.893872
4.893944999999803
4.894033000000036
4.894495000000006
4.894522000000052
4.894568000000163
4.894860999999992
4.894880000000057
4.89526799999976
4.895619000000352
4.895757000000231
4.895878999999923
4.895981000000006
4.896127999999862
4.896189999999933
4.896445000000313
4.89645500000006
4.89720299999999
4.8972479999999905
4.897339999999986
4.897686999999678
4.898235999999997
4.8987120000000175
4.898791999999958
4.898882999999842
4.89983200000006
4.900241000000051
4.9002989999999045
4.90031399999998
4.900640999999723
4.9024109999999155
4.9031230000000505
4.90313900000001
4.903450000000021
4.903694999999971
4.9066539999998895
4.907562999999982
4.907793999999967
4.909448999999995
4.916453000000047
4.917397999999594
4.919648999999936
4.93053000000009
4.936502000000019
4.940636999999924
4.956157999999959
4.956234999999992
4.95810500000016
4.963132999999999
4.963843999999881
4.968057999999928
4.976133000000118
4.9762769999997545
4.984311000000162
4.985582000000001
4.9866120000000365
4.987317999999959
4.988699999999881
4.988790999999992
4.989725999999791
4.991281000000072
5.0023519999999735
5.019434000000274
5.022019999999884
5.023417000000109
5.027844999999957
5.030606000000262
5.035339000000022
5.042791000000079
5.05337099999997
5.054429999999911
5.065838999999869
5.068606999999986
5.071226999999908
5.073163999999906
5.074925999999778
5.0762690000001385
5.080196000000001
5.081627000000026
5.0859120000000075
5.089346999999975
5.089357000000064
5.092462000000069
5.095972999999958
5.116348000000016
5.117818999999997
5.121552000000065
5.125833999999941
5.134958999999981
5.13800399999991
5.141397999999981
5.143107999999984
5.144867999999974
5.151274000000058
5.151908999999932
5.154206000000158
5.154679000000044
5.155659000000014
5.156987000000015
5.157565000000005
5.1578969999999345
5.158053000000109
5.160138999999617
5.160873000000265
5.160919999999805
5.161286000000018
5.161601000000246
5.162081999999941
5.163508000000093
5.16357400000004
5.164131999999995
5.164491999999996
5.164580000000001
5.164643000000069
5.164921000000049
5.165024999999957
5.165861
5.165878000000248
5.166119999999864
5.166178999999943
5.167484999999942
5.168148999999971
5.168619000000035
5.169661000000133
5.17121800000001
5.171256999999969
5.171615000000202
5.17412000000013
5.176355000000058
5.2337649999999485
5.250794000000042
5.325503000000026
5.353315999999722
5.377250999999887
5.397679999999923
5.4117489999998725
5.4251680000002125
5.425717999999961
5.42781500000001
5.430511999999908
5.432416000000103
5.436093000000255
5.437922999999955
5.439282999999705
5.445816000000036
5.535090000000082
5.549924999999803
5.569772999999941
5.584566999999993
5.709080999999969
5.973581999999965
6.514693000000001
6.5329719999999725
6.753683999999794
7.376987999999983
4.8500000002604793E-4,0.00067204301075268817
4.959999998845888E-4,0.00134408602150537634
5.220000000463187E-4,0.00201612903225806452
5.369999998947605E-4,0.00268817204301075269
5.439999999907741E-4,0.00336021505376344086
5.650000002788147E-4,0.00403225806451612903
6.130000000439395E-4,0.00470430107526881720
6.170000001475273E-4,0.00537634408602150538
6.180000000313157E-4,0.00604838709677419355
6.180000000313157E-4,0.00672043010752688172
6.199999997988925E-4,0.00739247311827956989
6.229999999050051E-4,0.00806451612903225806
6.239999997887935E-4,0.00873655913978494624
6.249999999994316E-4,0.00940860215053763441
6.250000001273293E-4,0.01008064516129032258
6.279999999776464E-4,0.01075268817204301075
6.280000000060681E-4,0.01142473118279569892
6.350000003294554E-4,0.01209677419354838710
6.350000003294554E-4,0.01276881720430107527
6.390000000919827E-4,0.01344086021505376344
6.579999999303254E-4,0.01411290322580645161
6.589999998141138E-4,0.01478494623655913978
6.750000000010914E-4,0.01545698924731182796
6.830000000004333E-4,0.01612903225806451613
6.880000000819564E-4,0.01680107526881720430
6.940000000668078E-4,0.01747311827956989247
6.969999999739684E-4,0.01814516129032258065
7.030000001577719E-4,0.01881720430107526882
7.070000001476728E-4,0.01948924731182795699
7.550000000264845E-4,0.02016129032258064516
8.14999999874999E-4,0.02083333333333333333
8.199999999760621E-4,0.02150537634408602151
0.0011779999999816937,0.02217741935483870968
0.0011909999999488718,0.02284946236559139785
0.002179000000069209,0.02352150537634408602
0.002348000000012007,0.02419354838709677419
0.0026310000002922607,0.02486559139784946237
0.0027090000003227033,0.02553763440860215054
0.0031179999999721986,0.02620967741935483871
0.003157999999984895,0.02688172043010752688
0.0033359999999902357,0.02755376344086021505
0.003402999999991607,0.02822580645161290323
0.0035560000000032232,0.02889784946236559140
0.004716999999800464,0.02956989247311827957
0.005016000000068743,0.03024193548387096774
0.005305000000021209,0.03091397849462365591
0.005734999999958745,0.03158602150537634409
0.005801999999903273,0.03225806451612903226
0.007980999999745109,0.03293010752688172043
0.008011999999780528,0.03360215053763440860
0.009962000000086846,0.03427419354838709677
0.011186000000066088,0.03494623655913978495
0.011454999999841675,0.03561827956989247312
0.01164599999992788,0.03629032258064516129
0.01219600000013088,0.03696236559139784946
0.012518000000000029,0.03763440860215053763
0.012573000000429602,0.03830645161290322581
0.013910000000123546,0.03897849462365591398
0.015370000000075379,0.03965053763440860215
0.01580500000000029,0.04032258064516129032
0.01703799999995681,0.04099462365591397849
0.01735999999982596,0.04166666666666666667
0.017542999999932363,0.04233870967741935484
0.018570999999838023,0.04301075268817204301
0.01857800000016141,0.04368279569892473118
0.019334000000071683,0.04435483870967741935
0.01962099999991551,0.04502688172043010753
0.019719999999779247,0.04569892473118279570
0.021047999999836975,0.04637096774193548387
0.02207799999996496,0.04704301075268817204
0.02243499999985943,0.04771505376344086022
0.023576999999932013,0.04838709677419354839
0.02388699999983146,0.04905913978494623656
0.024406999999882828,0.04973118279569892473
0.024429000000054657,0.05040322580645161290
0.024672000000009575,0.05107526881720430108
0.024981000000025233,0.05174731182795698925
0.025136999999858745,0.05241935483870967742
0.02536699999996017,0.05309139784946236559
0.0261899999995876,0.05376344086021505376
0.026472000000012486,0.05443548387096774194
0.026931999999987966,0.05510752688172043011
0.027205999999978303,0.05577956989247311828
0.028276999999889085,0.05645161290322580645
0.029678999999987354,0.05712365591397849462
0.030870000000049913,0.05779569892473118280
0.031090000000176587,0.05846774193548387097
0.03128500000002532,0.05913978494623655914
0.03142600000001039,0.05981182795698924731
0.034613000000035754,0.06048387096774193548
0.034822000000076514,0.06115591397849462366
0.03938300000027084,0.06182795698924731183
0.040574999999989814,0.06250000000000000000
0.04110800000012205,0.06317204301075268817
0.04131699999970806,0.06384408602150537634
0.04223100000001523,0.06451612903225806452
0.042870999999991,0.06518817204301075269
0.045059000000037486,0.06586021505376344086
0.04508299999997689,0.06653225806451612903
0.047776999999996406,0.06720430107526881720
0.050325999999998317,0.06787634408602150538
0.05062500000030923,0.06854838709677419355
0.05099300000006224,0.06922043010752688172
0.05107899999984511,0.06989247311827956989
0.05272500000000946,0.07056451612903225806
0.05306099999984326,0.07123655913978494624
0.05307700000003024,0.07190860215053763441
0.054118000000016764,0.07258064516129032258
0.05495999999993728,0.07325268817204301075
0.05622300000004543,0.07392473118279569892
0.05722299999979441,0.07459677419354838710
0.05743500000016866,0.07526881720430107527
0.05744300000014846,0.07594086021505376344
0.05959600000005594,0.07661290322580645161
0.060582999999951426,0.07728494623655913978
0.061112999999977546,0.07795698924731182796
0.061723000000256434,0.07862903225806451613
0.0623449999998229,0.07930107526881720430
0.06418699999994715,0.07997311827956989247
0.0652229999999463,0.08064516129032258065
0.06677799999999934,0.08131720430107526882
0.06689200000005258,0.08198924731182795699
0.06785899999999856,0.08266129032258064516
0.0686439999999493,0.08333333333333333333
0.06887300000016694,0.08400537634408602151
0.0690559999998186,0.08467741935483870968
0.07055999999988671,0.08534946236559139785
0.07220199999983379,0.08602150537634408602
0.07290400000010777,0.08669354838709677419
0.07352500000001783,0.08736559139784946237
0.07382199999983641,0.08803763440860215054
0.07469399999990856,0.08870967741935483871
0.07502199999998993,0.08938172043010752688
0.07526800000005096,0.09005376344086021505
0.0759290000000874,0.09072580645161290323
0.07595900000001166,0.09139784946236559140
0.07652799999999615,0.09206989247311827957
0.07763999999997395,0.09274193548387096774
0.07947899999999208,0.09341397849462365591
0.08057799999994586,0.09408602150537634409
0.08058999999991556,0.09475806451612903226
0.08106999999972686,0.09543010752688172043
0.0817819999999756,0.09610215053763440860
0.08332200000000967,0.09677419354838709677
0.0833359999996901,0.09744623655913978495
0.08486899999979869,0.09811827956989247312
0.08497700000043551,0.09879032258064516129
0.08646900000007918,0.09946236559139784946
0.08675399999992806,0.10013440860215053763
0.08769500000005337,0.10080645161290322581
0.08883299999979499,0.10147849462365591398
0.09181699999999182,0.10215053763440860215
0.09264899999993759,0.10282258064516129032
0.09289699999999357,0.10349462365591397849
0.09325400000011541,0.10416666666666666667
0.09519600000021455,0.10483870967741935484
0.09529900000006819,0.10551075268817204301
0.09592400000002499,0.10618279569892473118
0.09722800000008647,0.10685483870967741935
0.09830799999999584,0.10752688172043010753
0.09951999999975669,0.10819892473118279570
0.10327099999994971,0.10887096774193548387
0.10338999999999032,0.10954301075268817204
0.10618000000022221,0.11021505376344086022
0.10653600000000552,0.11088709677419354839
0.10711100000025908,0.11155913978494623656
0.10781700000006822,0.11223118279569892473
0.10822700000005625,0.11290322580645161290
0.10822899999993751,0.11357526881720430108
0.10850400000003901,0.11424731182795698925
0.11171199999989767,0.11491935483870967742
0.11174800000003415,0.11559139784946236559
0.11176500000010492,0.11626344086021505376
0.11313299999994797,0.11693548387096774194
0.11473700000004783,0.11760752688172043011
0.1151569999997264,0.11827956989247311828
0.11539999999968131,0.11895161290322580645
0.11619599999994534,0.11962365591397849462
0.11650899999997932,0.12029569892473118280
0.11807099999987258,0.12096774193548387097
0.11857499999996435,0.12163978494623655914
0.11935999999991509,0.12231182795698924731
0.12017299999979514,0.12298387096774193548
0.12069300000030125,0.12365591397849462366
0.12092500000017026,0.12432795698924731183
0.12141500000001315,0.12500000000000000000
0.12208499999997002,0.12567204301075268817
0.12211500000012165,0.12634408602150537634
0.1233780000002298,0.12701612903225806452
0.12581199999999626,0.12768817204301075269
0.12942999999995664,0.12836021505376344086
0.12968000000000757,0.12903225806451612903
0.1300300000000334,0.12970430107526881720
0.13009499999998297,0.13037634408602150538
0.13058600000022125,0.13104838709677419355
0.1311040000000503,0.13172043010752688172
0.13291800000001786,0.13239247311827956989
0.13355500000034226,0.13306451612903225806
0.13594399999988127,0.13373655913978494624
0.13609000000019478,0.13440860215053763441
0.13651599999980135,0.13508064516129032258
0.1369649999999183,0.13575268817204301075
0.13734500000009575,0.13642473118279569892
0.13735999999971682,0.13709677419354838710
0.13792199999988952,0.13776881720430107527
0.13792699999999058,0.13844086021505376344
0.1382730000000265,0.13911290322580645161
0.13972899999998845,0.13978494623655913978
0.1398629999999912,0.14045698924731182796
0.14185699999961798,0.14112903225806451613
0.1420379999999568,0.14180107526881720430
0.14256800000009662,0.14247311827956989247
0.14403399999991962,0.14314516129032258065
0.1440979999999854,0.14381720430107526882
0.144696999999951,0.14448924731182795699
0.1450479999999743,0.14516129032258064516
0.14507300000013856,0.14583333333333333333
0.14511399999992136,0.14650537634408602151
0.145415999999841,0.14717741935483870968
0.1457580000001144,0.14784946236559139785
0.14622499999995853,0.14852150537634408602
0.14696999999978289,0.14919354838709677419
0.14722200000005614,0.14986559139784946237
0.14903199999980643,0.15053763440860215054
0.149279000000206,0.15120967741935483871
0.15116299999999683,0.15188172043010752688
0.15182400000003327,0.15255376344086021505
0.15226099999995313,0.15322580645161290323
0.15250700000001416,0.15389784946236559140
0.1532830000001013,0.15456989247311827957
0.154877999999826,0.15524193548387096774
0.15610900000001493,0.15591397849462365591
0.15662399999996524,0.15658602150537634409
0.15713999999979933,0.15725806451612903226
0.15715899999986505,0.15793010752688172043
0.15729299999998148,0.15860215053763440860
0.15907599999991362,0.15927419354838709677
0.16029600000001665,0.15994623655913978495
0.1615350000001854,0.16061827956989247312
0.1621989999998732,0.16129032258064516129
0.16517099999987295,0.16196236559139784946
0.1669480000000476,0.16263440860215053763
0.17043699999999262,0.16330645161290322581
0.17045899999993708,0.16397849462365591398
0.17143999999998982,0.16465053763440860215
0.17214800000010655,0.16532258064516129032
0.1732759999999871,0.16599462365591397849
0.17351400000006834,0.16666666666666666667
0.17518100000006598,0.16733870967741935484
0.1752030000002378,0.16801075268817204301
0.17649799999981042,0.16868279569892473118
0.1768529999999373,0.16935483870967741935
0.17698999999999643,0.17002688172043010753
0.17847900000003847,0.17069892473118279570
0.17898999999988519,0.17137096774193548387
0.1797790000000532,0.17204301075268817204
0.1807360000002518,0.17271505376344086022
0.1814289999997527,0.17338709677419354839
0.18147300000009636,0.17405913978494623656
0.1815799999999399,0.17473118279569892473
0.18181899999990492,0.17540322580645161290
0.18329800000037721,0.17607526881720430108
0.18339300000002368,0.17674731182795698925
0.18440800000007584,0.17741935483870967742
0.1844859999998789,0.17809139784946236559
0.18484199999966222,0.17876344086021505376
0.18589599999995698,0.17943548387096774194
0.18617900000003829,0.18010752688172043011
0.18858000000000175,0.18077956989247311828
0.18964499999992768,0.18145161290322580645
0.18985200000020086,0.18212365591397849462
0.19080799999983356,0.18279569892473118280
0.1921869999998762,0.18346774193548387097
0.19246100000009392,0.18413978494623655914
0.1930990000000179,0.18481182795698924731
0.19319000000007236,0.18548387096774193548
0.19471799999973882,0.18615591397849462366
0.1963730000002215,0.18682795698924731183
0.19650799999999435,0.18750000000000000000
0.19754199999988487,0.18817204301075268817
0.19834799999989627,0.18884408602150537634
0.1988149999997404,0.18951612903225806452
0.19941199999993842,0.19018817204301075269
0.2012409999999818,0.19086021505376344086
0.20230000000037762,0.19153225806451612903
0.20269899999993868,0.19220430107526881720
0.20397400000001653,0.19287634408602150538
0.20409400000005462,0.19354838709677419355
0.20612499999970169,0.19422043010752688172
0.2062340000002223,0.19489247311827956989
0.20640999999977794,0.19556451612903225806
0.20679900000004636,0.19623655913978494624
0.20762599999989106,0.19690860215053763441
0.20790899999997237,0.19758064516129032258
0.20814000000007127,0.19825268817204301075
0.2108989999996993,0.19892473118279569892
0.21116300000016963,0.19959677419354838710
0.212572999999999,0.20026881720430107527
0.21266500000001543,0.20094086021505376344
0.2147260000000415,0.20161290322580645161
0.2150099999998929,0.20228494623655913978
0.21643999999992047,0.20295698924731182796
0.21675899999991088,0.20362903225806451613
0.21685999999999694,0.20430107526881720430
0.21860700000024735,0.20497311827956989247
0.21947099999999864,0.20564516129032258065
0.22302099999996017,0.20631720430107526882
0.22405200000002878,0.20698924731182795699
0.22725900000000365,0.20766129032258064516
0.22791400000005524,0.20833333333333333333
0.23104499999999462,0.20900537634408602151
0.2318760000000566,0.20967741935483870968
0.23276300000043193,0.21034946236559139785
0.23390300000005482,0.21102150537634408602
0.23505300000033458,0.21169354838709677419
0.23565899999994144,0.21236559139784946237
0.23603800000000774,0.21303763440860215054
0.2365789999998924,0.21370967741935483871
0.23771400000032372,0.21438172043010752688
0.23838999999998123,0.21505376344086021505
0.23894300000006297,0.21572580645161290323
0.23967800000013995,0.21639784946236559140
0.24020300000029238,0.21706989247311827957
0.24219300000004296,0.21774193548387096774
0.242411000000061,0.21841397849462365591
0.2431189999997514,0.21908602150537634409
0.2434699999998884,0.21975806451612903226
0.2469860000001063,0.22043010752688172043
0.24710199999981342,0.22110215053763440860
0.2480399999999463,0.22177419354838709677
0.24837800000000243,0.22244623655913978495
0.2484549999999217,0.22311827956989247312
0.24925300000001016,0.22379032258064516129
0.24983799999995426,0.22446236559139784946
0.24990500000012617,0.22513440860215053763
0.25051699999994526,0.22580645161290322581
0.25057299999980387,0.22647849462365591398
0.2538579999998092,0.22715053763440860215
0.25630799999999,0.22782258064516129032
0.25821499999983644,0.22849462365591397849
0.2589490000000012,0.22916666666666666667
0.26054999999996653,0.22983870967741935484
0.26076000000011845,0.23051075268817204301
0.26110800000014933,0.23118279569892473118
0.26242100000013124,0.23185483870967741935
0.2627150000000711,0.23252688172043010753
0.265880000000152,0.23319892473118279570
0.26595899999983885,0.23387096774193548387
0.2660519999999451,0.23454301075268817204
0.26656099999991056,0.23521505376344086022
0.2668059999999741,0.23588709677419354839
0.2672580000000835,0.23655913978494623656
0.2675850000000537,0.23723118279569892473
0.26797399999998106,0.23790322580645161290
0.2685509999998885,0.23857526881720430108
0.26885200000003806,0.23924731182795698925
0.2697230000003401,0.23991935483870967742
0.27083300000003874,0.24059139784946236559
0.27276999999980944,0.24126344086021505376
0.2735529999999926,0.24193548387096774194
0.28190300000005664,0.24260752688172043011
0.28305199999999786,0.24327956989247311828
0.2848779999999351,0.24395161290322580645
0.28946099999998864,0.24462365591397849462
0.29252700000000686,0.24529569892473118280
0.29278900000008434,0.24596774193548387097
0.29420300000003863,0.24663978494623655914
0.30078899999989517,0.24731182795698924731
0.30471899999974994,0.24798387096774193548
0.3056970000000092,0.24865591397849462366
0.30609100000003764,0.24932795698924731183
0.3071319999999105,0.25000000000000000000
0.3071610000000078,0.25067204301075268817
0.31298400000014226,0.25134408602150537634
0.3148729999999773,0.25201612903225806452
0.31861600000002,0.25268817204301075269
0.32075399999985166,0.25336021505376344086
0.3331810000001951,0.25403225806451612903
0.33343299999978626,0.25470430107526881720
0.33422699999982797,0.25537634408602150538
0.3345470000003843,0.25604838709677419355
0.3378650000000789,0.25672043010752688172
0.3460399999999879,0.25739247311827956989
0.34933699999999135,0.25806451612903225806
0.35161199999993187,0.25873655913978494624
0.35269799999991847,0.25940860215053763441
0.3533949999999777,0.26008064516129032258
0.35845800000015515,0.26075268817204301075
0.3584730000000036,0.26142473118279569892
0.3593230000001313,0.26209677419354838710
0.3597810000001118,0.26276881720430107527
0.3605000000000018,0.26344086021505376344
0.3621619999998984,0.26411290322580645161
0.36284599999999045,0.26478494623655913978
0.3654060000003483,0.26545698924731182796
0.36554500000011103,0.26612903225806451613
0.37031500000011874,0.26680107526881720430
0.3714540000000284,0.26747311827956989247
0.3722620000000916,0.26814516129032258065
0.37227800000027855,0.26881720430107526882
0.3727810000000318,0.26948924731182795699
0.3741139999999632,0.27016129032258064516
0.3750199999999495,0.27083333333333333333
0.37580500000001393,0.27150537634408602151
0.3829010000000608,0.27217741935483870968
0.3835339999999974,0.27284946236559139785
0.3887419999998656,0.27352150537634408602
0.39458700000000135,0.27419354838709677419
0.3952330000000188,0.27486559139784946237
0.40325400000006084,0.27553763440860215054
0.403854999999794,0.27620967741935483871
0.4083690000002207,0.27688172043010752688
0.41137899999989713,0.27755376344086021505
0.4124730000003183,0.27822580645161290323
0.4147130000000061,0.27889784946236559140
0.4184989999998834,0.27956989247311827957
0.42563200000000734,0.28024193548387096774
0.4305820000000722,0.28091397849462365591
0.4341639999997824,0.28158602150537634409
0.4343989999999849,0.28225806451612903226
0.4370010000000093,0.28293010752688172043
0.4386389999999665,0.28360215053763440860
0.4445210000000088,0.28427419354838709677
0.4465320000000048,0.28494623655913978495
0.4468890000000556,0.28561827956989247312
0.4479029999999966,0.28629032258064516129
0.4486349999997401,0.28696236559139784946
0.448709000000008,0.28763440860215053763
0.4554089999999178,0.28830645161290322581
0.45894200000020646,0.28897849462365591398
0.45947499999999764,0.28965053763440860215
0.45985700000028373,0.29032258064516129032
0.4610389999998006,0.29099462365591397849
0.46361400000000685,0.29166666666666666667
0.464574999999968,0.29233870967741935484
0.4650349999997161,0.29301075268817204301
0.4685259999999971,0.29368279569892473118
0.4703519999998207,0.29435483870967741935
0.4718360000001667,0.29502688172043010753
0.4731939999999213,0.29569892473118279570
0.47617499999978463,0.29637096774193548387
0.4763589999997748,0.29704301075268817204
0.4813019999996868,0.29771505376344086022
0.4861819999996442,0.29838709677419354839
0.4882359999996879,0.29905913978494623656
0.4895070000002306,0.29973118279569892473
0.49119900000005146,0.30040322580645161290
0.4917099999997845,0.30107526881720430108
0.4919399999998859,0.30174731182795698925
0.4971769999999651,0.30241935483870967742
0.4975710000003346,0.30309139784946236559
0.5060470000000805,0.30376344086021505376
0.5061610000000059,0.30443548387096774194
0.5063410000002477,0.30510752688172043011
0.5091149999998379,0.30577956989247311828
0.509672999999907,0.30645161290322580645
0.5099600000000919,0.30712365591397849462
0.5134780000003047,0.30779569892473118280
0.5146749999998974,0.30846774193548387097
0.5182540000000699,0.30913978494623655914
0.5195260000000417,0.30981182795698924731
0.5218639999999368,0.31048387096774193548
0.5240700000000516,0.31115591397849462366
0.5273720000000139,0.31182795698924731183
0.5275489999999081,0.31250000000000000000
0.5373559999999991,0.31317204301075268817
0.5379570000000058,0.31384408602150537634
0.5460309999998572,0.31451612903225806452
0.5463380000001052,0.31518817204301075269
0.5493340000000444,0.31586021505376344086
0.5530280000000403,0.31653225806451612903
0.5607809999999063,0.31720430107526881720
0.5609640000000127,0.31787634408602150538
0.5610139999998864,0.31854838709677419355
0.5641640000003463,0.31922043010752688172
0.5667570000000524,0.31989247311827956989
0.5672540000000481,0.32056451612903225806
0.5689180000000533,0.32123655913978494624
0.5690810000000397,0.32190860215053763441
0.584206000000222,0.32258064516129032258
0.5886239999999816,0.32325268817204301075
0.5949039999995875,0.32392473118279569892
0.5962970000000496,0.32459677419354838710
0.6001530000000912,0.32526881720430107527
0.6004029999999148,0.32594086021505376344
0.6023740000000544,0.32661290322580645161
0.6039339999999953,0.32728494623655913978
0.6044070000000374,0.32795698924731182796
0.6075730000000021,0.32862903225806451613
0.6088850000001003,0.32930107526881720430
0.6097289999999589,0.32997311827956989247
0.6097380000001067,0.33064516129032258065
0.6121410000000651,0.33131720430107526882
0.6138980000000629,0.33198924731182795699
0.6143959999999424,0.33266129032258064516
0.6195349999998143,0.33333333333333333333
0.6219080000000758,0.33400537634408602151
0.6276389999998173,0.33467741935483870968
0.6300699999999324,0.33534946236559139785
0.6314699999999789,0.33602150537634408602
0.638836000000083,0.33669354838709677419
0.6393890000003921,0.33736559139784946237
0.6446279999999831,0.33803763440860215054
0.6481390000001284,0.33870967741935483871
0.6492980000000443,0.33938172043010752688
0.6540350000000217,0.34005376344086021505
0.6569729999996525,0.34072580645161290323
0.6576660000000629,0.34139784946236559140
0.6585370000002513,0.34206989247311827957
0.6588690000000952,0.34274193548387096774
0.6643409999996948,0.34341397849462365591
0.6761390000000347,0.34408602150537634409
0.6773279999999886,0.34475806451612903226
0.6827690000000075,0.34543010752688172043
0.6885250000000269,0.34610215053763440860
0.689630999999963,0.34677419354838709677
0.6909630000000107,0.34744623655913978495
0.6915479999997842,0.34811827956989247312
0.6930780000000141,0.34879032258064516129
0.6943119999999681,0.34946236559139784946
0.6977500000000418,0.35013440860215053763
0.7014570000000049,0.35080645161290322581
0.7027250000001004,0.35147849462365591398
0.7040130000000318,0.35215053763440860215
0.7078250000000708,0.35282258064516129032
0.7146349999998165,0.35349462365591397849
0.7224310000001424,0.35416666666666666667
0.7240460000002713,0.35483870967741935484
0.727788000000146,0.35551075268817204301
0.7288829999999962,0.35618279569892473118
0.740788000000066,0.35685483870967741935
0.7423309999999219,0.35752688172043010753
0.7443600000001425,0.35819892473118279570
0.7544419999999263,0.35887096774193548387
0.7651109999999335,0.35954301075268817204
0.7658219999998437,0.36021505376344086022
0.7690489999999954,0.36088709677419354839
0.780239999999992,0.36155913978494623656
0.7811289999999644,0.36223118279569892473
0.7895470000003115,0.36290322580645161290
0.7916030000000092,0.36357526881720430108
0.7991669999996702,0.36424731182795698925
0.800803999999971,0.36491935483870967742
0.8040879999998651,0.36559139784946236559
0.8048329999999737,0.36626344086021505376
0.8136540000000423,0.36693548387096774194
0.8169400000001588,0.36760752688172043011
0.8196489999999983,0.36827956989247311828
0.8208740000000034,0.36895161290322580645
0.8216800000000148,0.36962365591397849462
0.8276280000000042,0.37029569892473118280
0.8281349999999748,0.37096774193548387097
0.8295219999999972,0.37163978494623655914
0.8396539999998822,0.37231182795698924731
0.8422020000002703,0.37298387096774193548
0.8527650000000904,0.37365591397849462366
0.8533290000000306,0.37432795698924731183
0.854823000000124,0.37500000000000000000
0.8612570000000233,0.37567204301075268817
0.863807999999608,0.37634408602150537634
0.8665840000001026,0.37701612903225806452
0.8717920000000277,0.37768817204301075269
0.877074999999877,0.37836021505376344086
0.8794589999999971,0.37903225806451612903
0.8860469999999623,0.37970430107526881720
0.8863870000000134,0.38037634408602150538
0.8877539999999726,0.38104838709677419355
0.8910240000000158,0.38172043010752688172
0.9012990000001082,0.38239247311827956989
0.9041760000000068,0.38306451612903225806
0.9058369999997922,0.38373655913978494624
0.9093159999999898,0.38440860215053763441
0.9095980000000736,0.38508064516129032258
0.9119280000001027,0.38575268817204301075
0.9200579999999832,0.38642473118279569892
0.9204140000000507,0.38709677419354838710
0.9260960000000296,0.38776881720430107527
0.9286309999997684,0.38844086021505376344
0.9347300000000587,0.38911290322580645161
0.9366939999999886,0.38978494623655913978
0.9572709999999915,0.39045698924731182796
0.9630700000000161,0.39112903225806451613
0.974393000000191,0.39180107526881720430
0.9746560000003228,0.39247311827956989247
0.9768619999999828,0.39314516129032258065
0.9933930000001965,0.39381720430107526882
0.9994400000000496,0.39448924731182795699
1.0037290000000212,0.39516129032258064516
1.005424999999832,0.39583333333333333333
1.0125079999999969,0.39650537634408602151
1.0128019999997377,0.39717741935483870968
1.0202209999999923,0.39784946236559139785
1.0220939999999814,0.39852150537634408602
1.0238309999999728,0.39919354838709677419
1.0249539999999797,0.39986559139784946237
1.0265179999998963,0.40053763440860215054
1.030307999999991,0.40120967741935483871
1.0303189999999631,0.40188172043010752688
1.0463190000000395,0.40255376344086021505
1.0520380000000387,0.40322580645161290323
1.0653359999998884,0.40389784946236559140
1.0735129999998207,0.40456989247311827957
1.078450999999859,0.40524193548387096774
1.0848500000001877,0.40591397849462365591
1.0933489999999892,0.40658602150537634409
1.0989289999999983,0.40725806451612903226
1.0998759999999947,0.40793010752688172043
1.100637000000006,0.40860215053763440860
1.1078189999998358,0.40927419354838709677
1.1153659999999945,0.40994623655913978495
1.1193769999999859,0.41061827956989247312
1.124371999999994,0.41129032258064516129
1.128881999999976,0.41196236559139784946
1.1364290000001347,0.41263440860215053763
1.1439209999998639,0.41330645161290322581
1.144841999999926,0.41397849462365591398
1.155352999999991,0.41465053763440860215
1.1671939999999985,0.41532258064516129032
1.1699179999999956,0.41599462365591397849
1.1701290000000881,0.41666666666666666667
1.181088999999929,0.41733870967741935484
1.1978260000000773,0.41801075268817204301
1.2038269999999898,0.41868279569892473118
1.2064620000001014,0.41935483870967741935
1.2086810000000128,0.42002688172043010753
1.2099800000000869,0.42069892473118279570
1.214975000000095,0.42137096774193548387
1.2286489999999048,0.42204301075268817204
1.2519870000000992,0.42271505376344086022
1.2567159999998694,0.42338709677419354839
1.258722999999918,0.42405913978494623656
1.2720520000000306,0.42473118279569892473
1.2737170000000333,0.42540322580645161290
1.2952319999999418,0.42607526881720430108
1.30161199999975,0.42674731182795698925
1.3021019999999908,0.42741935483870967742
1.3036850000000868,0.42809139784946236559
1.3098970000000918,0.42876344086021505376
1.3138470000001234,0.42943548387096774194
1.3233680000000163,0.43010752688172043011
1.3352469999999812,0.43077956989247311828
1.341967000000011,0.43145161290322580645
1.3463729999998577,0.43212365591397849462
1.3537340000000313,0.43279569892473118280
1.3537750000000415,0.43346774193548387097
1.3646450000001096,0.43413978494623655914
1.3916600000000017,0.43481182795698924731
1.3947469999998248,0.43548387096774193548
1.395057999999949,0.43615591397849462366
1.396603000000141,0.43682795698924731183
1.3981229999999414,0.43750000000000000000
1.3990699999999947,0.43817204301075268817
1.405275999999958,0.43884408602150537634
1.4110749999999825,0.43951612903225806452
1.411783000000014,0.44018817204301075269
1.4136469999998553,0.44086021505376344086
1.4149630000000002,0.44153225806451612903
1.4238199999999779,0.44220430107526881720
1.424073000000135,0.44287634408602150538
1.432651000000078,0.44354838709677419355
1.432770000000346,0.44422043010752688172
1.4384509999999864,0.44489247311827956989
1.4488750000000437,0.44556451612903225806
1.4602239999999256,0.44623655913978494624
1.4750859999999193,0.44690860215053763441
1.5017009999999118,0.44758064516129032258
1.505625000000009,0.44825268817204301075
1.5106180000000222,0.44892473118279569892
1.5165340000003198,0.44959677419354838710
1.536135999999999,0.45026881720430107527
1.5389239999999944,0.45094086021505376344
1.544055999999955,0.45161290322580645161
1.5514000000002852,0.45228494623655913978
1.5666210000001684,0.45295698924731182796
1.5752360000000039,0.45362903225806451613
1.5909419999999272,0.45430107526881720430
1.5976310000000922,0.45497311827956989247
1.5987010000001192,0.45564516129032258065
1.6000680000000074,0.45631720430107526882
1.601118999999926,0.45698924731182795699
1.6028420000000096,0.45766129032258064516
1.618554000000131,0.45833333333333333333
1.6298949999999195,0.45900537634408602151
1.6309180000000651,0.45967741935483870968
1.6344100000001163,0.46034946236559139785
1.635294999999985,0.46102150537634408602
1.6425380000000587,0.46169354838709677419
1.645330999999942,0.46236559139784946237
1.6455619999999271,0.46303763440860215054
1.6650080000000003,0.46370967741935483871
1.6850190000000111,0.46438172043010752688
1.6925460000002204,0.46505376344086021505
1.6989370000001145,0.46572580645161290323
1.7147049999998671,0.46639784946236559140
1.7235900000000015,0.46706989247311827957
1.7528550000001815,0.46774193548387096774
1.7637880000000337,0.46841397849462365591
1.780668999999989,0.46908602150537634409
1.7915160000000014,0.46975806451612903226
1.7925579999999854,0.47043010752688172043
1.8112820000000056,0.47110215053763440860
1.817290999999841,0.47177419354838709677
1.8351090000001022,0.47244623655913978495
1.8565879999998742,0.47311827956989247312
1.8605519999999842,0.47379032258064516129
1.8729419999999664,0.47446236559139784946
1.873711999999955,0.47513440860215053763
1.8759279999999308,0.47580645161290322581
1.8947849999999562,0.47647849462365591398
1.902810000000045,0.47715053763440860215
1.9037220000000161,0.47782258064516129032
1.9105759999997645,0.47849462365591397849
1.9114140000000361,0.47916666666666666667
1.912840000000017,0.47983870967741935484
1.9202410000000043,0.48051075268817204301
1.9236080000000584,0.48118279569892473118
1.9236829999999827,0.48185483870967741935
1.950460000000021,0.48252688172043010753
1.9550120000000106,0.48319892473118279570
1.960642000000007,0.48387096774193548387
1.965298999999959,0.48454301075268817204
1.9697139999998399,0.48521505376344086022
1.983545999999933,0.48588709677419354839
1.9860140000000683,0.48655913978494623656
1.9963330000000497,0.48723118279569892473
2.001195999999993,0.48790322580645161290
2.0012420000000475,0.48857526881720430108
2.003479999999854,0.48924731182795698925
2.004327999999987,0.48991935483870967742
2.0053080000000065,0.49059139784946236559
2.00611200000003,0.49126344086021505376
2.032928,0.49193548387096774194
2.0572089999999434,0.49260752688172043011
2.062238999999863,0.49327956989247311828
2.0738199999998415,0.49395161290322580645
2.0793760000001384,0.49462365591397849462
2.0849130000000002,0.49529569892473118280
2.0885370000000876,0.49596774193548387097
2.101024999999936,0.49663978494623655914
2.121172999999999,0.49731182795698924731
2.1316779999999653,0.49798387096774193548
2.1374490000000037,0.49865591397849462366
2.153251999999952,0.49932795698924731183
2.1554459999999835,0.50000000000000000000
2.1728940000002694,0.50067204301075268817
2.177099999999996,0.50134408602150537634
2.1832389999999577,0.50201612903225806452
2.1890359999999873,0.50268817204301075269
2.1910480000000234,0.50336021505376344086
2.195611999999983,0.50403225806451612903
2.196613999999954,0.50470430107526881720
2.1986289999999826,0.50537634408602150538
2.2038280000001578,0.50604838709677419355
2.221992,0.50672043010752688172
2.259474000000182,0.50739247311827956989
2.264046000000235,0.50806451612903225806
2.267327000000023,0.50873655913978494624
2.267747999999983,0.50940860215053763441
2.2745139999997264,0.51008064516129032258
2.2790499999996428,0.51075268817204301075
2.2808589999999924,0.51142473118279569892
2.287419,0.51209677419354838710
2.3050320000002102,0.51276881720430107527
2.308248999999705,0.51344086021505376344
2.3167759999998907,0.51411290322580645161
2.3336120000000165,0.51478494623655913978
2.3442870000000084,0.51545698924731182796
2.3519240000000536,0.51612903225806451613
2.3522469999998066,0.51680107526881720430
2.356189000000086,0.51747311827956989247
2.3627989999999954,0.51814516129032258065
2.3666249999998854,0.51881720430107526882
2.375547000000097,0.51948924731182795699
2.390762999999879,0.52016129032258064516
2.3937960000000658,0.52083333333333333333
2.396464999999921,0.52150537634408602151
2.4064679999999896,0.52217741935483870968
2.416109000000006,0.52284946236559139785
2.422105999999985,0.52352150537634408602
2.4425230000001648,0.52419354838709677419
2.444447000000082,0.52486559139784946237
2.4462479999999687,0.52553763440860215054
2.475328999999988,0.52620967741935483871
2.4766669999999067,0.52688172043010752688
2.4813620000000185,0.52755376344086021505
2.4851000000001022,0.52822580645161290323
2.4926839999998265,0.52889784946236559140
2.494038000000046,0.52956989247311827957
2.4996890000002168,0.53024193548387096774
2.5384680000001936,0.53091397849462365591
2.561012000000005,0.53158602150537634409
2.5638309999999365,0.53225806451612903226
2.5654449999999542,0.53293010752688172043
2.5694750000000113,0.53360215053763440860
2.5726999999997133,0.53427419354838709677
2.576524999999947,0.53494623655913978495
2.576892999999984,0.53561827956989247312
2.5770930000001044,0.53629032258064516129
2.5784969999999703,0.53696236559139784946
2.5804150000000163,0.53763440860215053763
2.585113000000092,0.53830645161290322581
2.5859760000000733,0.53897849462365591398
2.591179000000011,0.53965053763440860215
2.5932880000000296,0.54032258064516129032
2.603414999999984,0.54099462365591397849
2.6230739999998605,0.54166666666666666667
2.6353140000001076,0.54233870967741935484
2.6416580000000067,0.54301075268817204301
2.671176000000287,0.54368279569892473118
2.675728000000163,0.54435483870967741935
2.6851540000002387,0.54502688172043010753
2.6900610000000142,0.54569892473118279570
2.701305999999988,0.54637096774193548387
2.702237999999852,0.54704301075268817204
2.7032369999999446,0.54771505376344086022
2.731676999999763,0.54838709677419354839
2.738697000000059,0.54905913978494623656
2.7445519999999988,0.54973118279569892473
2.7678149999999846,0.55040322580645161290
2.777708999999959,0.55107526881720430108
2.788571999999931,0.55174731182795698925
2.798091999999997,0.55241935483870967742
2.8008230000000367,0.55309139784946236559
2.8129500000000007,0.55376344086021505376
2.818918999999994,0.55443548387096774194
2.8220189999999548,0.55510752688172043011
2.8563990000000103,0.55577956989247311828
2.866237000000183,0.55645161290322580645
2.8674419999997554,0.55712365591397849462
2.8777649999999824,0.55779569892473118280
2.877933000000212,0.55846774193548387097
2.8909419999999955,0.55913978494623655914
2.892483000000084,0.55981182795698924731
2.8962209999999686,0.56048387096774193548
2.911727999999812,0.56115591397849462366
2.922696999999971,0.56182795698924731183
2.9267770000000155,0.56250000000000000000
2.933614000000034,0.56317204301075268817
2.936232999999902,0.56384408602150537634
2.9385039999999663,0.56451612903225806452
2.947482000000008,0.56518817204301075269
2.9482120000000123,0.56586021505376344086
2.9638769999999113,0.56653225806451612903
2.9687209999999595,0.56720430107526881720
2.9845609999997578,0.56787634408602150538
2.990444000000025,0.56854838709677419355
2.9919350000000122,0.56922043010752688172
3.0105039999999974,0.56989247311827956989
3.0251040000000557,0.57056451612903225806
3.0304909999999836,0.57123655913978494624
3.038293000000067,0.57190860215053763441
3.045985000000087,0.57258064516129032258
3.051118999999744,0.57325268817204301075
3.0688930000001164,0.57392473118279569892
3.07064299999999,0.57459677419354838710
3.0896999999999935,0.57526881720430107527
3.0924630000000093,0.57594086021505376344
3.09918800000014,0.57661290322580645161
3.119401000000039,0.57728494623655913978
3.125891999999908,0.57795698924731182796
3.126060999999936,0.57862903225806451613
3.1284290000000006,0.57930107526881720430
3.128867000000014,0.57997311827956989247
3.1293150000001333,0.58064516129032258065
3.1353000000003703,0.58131720430107526882
3.137540999999942,0.58198924731182795699
3.139713000000029,0.58266129032258064516
3.143256000000065,0.58333333333333333333
3.1436249999997017,0.58400537634408602151
3.1553179999999657,0.58467741935483870968
3.1675599999998667,0.58534946236559139785
3.169557000000168,0.58602150537634408602
3.182509000000209,0.58669354838709677419
3.203577999999993,0.58736559139784946237
3.2083280000000514,0.58803763440860215054
3.2180130000000133,0.58870967741935483871
3.244521999999961,0.58938172043010752688
3.2446020000000004,0.59005376344086021505
3.256166000000121,0.59072580645161290323
3.2602109999997992,0.59139784946236559140
3.263781999999992,0.59206989247311827957
3.264071000000058,0.59274193548387096774
3.2671730000001844,0.59341397849462365591
3.2703260000002956,0.59408602150537634409
3.298821000000089,0.59475806451612903226
3.3072409999999763,0.59543010752688172043
3.3108200000000068,0.59610215053763440860
3.314013000000159,0.59677419354838709677
3.3353740000000016,0.59744623655913978495
3.3359040000000277,0.59811827956989247312
3.360116000000005,0.59879032258064516129
3.3625219999999985,0.59946236559139784946
3.3662940000001527,0.60013440860215053763
3.383049000000028,0.60080645161290322581
3.3837109999999484,0.60147849462365591398
3.3879669999998896,0.60215053763440860215
3.3963179999998374,0.60282258064516129032
3.4179570000000012,0.60349462365591397849
3.4237980000000334,0.60416666666666666667
3.4265889999996944,0.60483870967741935484
3.428972000000158,0.60551075268817204301
3.430223000000069,0.60618279569892473118
3.433667000000014,0.60685483870967741935
3.433929999999691,0.60752688172043010753
3.4350540000000365,0.60819892473118279570
3.4388129999997545,0.60887096774193548387
3.4415539999999964,0.60954301075268817204
3.44772799999987,0.61021505376344086022
3.468519000000015,0.61088709677419354839
3.473149999999805,0.61155913978494623656
3.4760250000001633,0.61223118279569892473
3.477150999999594,0.61290322580645161290
3.485247999999956,0.61357526881720430108
3.4853729999999814,0.61424731182795698925
3.4911440000000766,0.61491935483870967742
3.500045,0.61559139784946236559
3.529775999999856,0.61626344086021505376
3.5379500000000235,0.61693548387096774194
3.5413640000000157,0.61760752688172043011
3.541536000000008,0.61827956989247311828
3.544308000000001,0.61895161290322580645
3.555260999999973,0.61962365591397849462
3.5763489999999365,0.62029569892473118280
3.5781069999999886,0.62096774193548387097
3.5782680000002074,0.62163978494623655914
3.578484000000117,0.62231182795698924731
3.5876240000000053,0.62298387096774193548
3.6008099999999104,0.62365591397849462366
3.6248729999999796,0.62432795698924731183
3.6336409999998978,0.62500000000000000000
3.6368480000001,0.62567204301075268817
3.653340000000071,0.62634408602150537634
3.660878000000139,0.62701612903225806452
3.6694229999998242,0.62768817204301075269
3.6721110000000863,0.62836021505376344086
3.688615999999996,0.62903225806451612903
3.695172000000184,0.62970430107526881720
3.7082570000000032,0.63037634408602150538
3.7086479999999824,0.63104838709677419355
3.7089860000000954,0.63172043010752688172
3.7149670000000015,0.63239247311827956989
3.717446999999993,0.63306451612903225806
3.7175090000000637,0.63373655913978494624
3.7236699999998564,0.63440860215053763441
3.7257940000000076,0.63508064516129032258
3.7381650000002082,0.63575268817204301075
3.742369999999937,0.63642473118279569892
3.7427079999999933,0.63709677419354838710
3.762760000000071,0.63776881720430107527
3.771801000000096,0.63844086021505376344
3.7746029999998427,0.63911290322580645161
3.7763930000000414,0.63978494623655913978
3.787804000000051,0.64045698924731182796
3.7894119999999987,0.64112903225806451613
3.794206000000031,0.64180107526881720430
3.7962760000000344,0.64247311827956989247
3.8066319999998086,0.64314516129032258065
3.809639999999945,0.64381720430107526882
3.8188949999999977,0.64448924731182795699
3.8308569999999804,0.64516129032258064516
3.8372249999999894,0.64583333333333333333
3.83849599999985,0.64650537634408602151
3.8499219999998786,0.64717741935483870968
3.849929999999972,0.64784946236559139785
3.857338000000027,0.64852150537634408602
3.8610720000000356,0.64919354838709677419
3.864721000000003,0.64986559139784946237
3.868170999999961,0.65053763440860215054
3.870034999999916,0.65120967741935483871
3.885103000000015,0.65188172043010752688
3.885676999999987,0.65255376344086021505
3.8865669999997863,0.65322580645161290323
3.895668999999998,0.65389784946236559140
3.9127920000000813,0.65456989247311827957
3.9257030000001123,0.65524193548387096774
3.931733000000122,0.65591397849462365591
3.9428810000003978,0.65658602150537634409
3.9510140000000433,0.65725806451612903226
3.9585879999999634,0.65793010752688172043
3.9618959999999106,0.65860215053763440860
3.9648750000000064,0.65927419354838709677
3.9721000000000117,0.65994623655913978495
3.9830499999999347,0.66061827956989247312
3.9842409999998836,0.66129032258064516129
3.985635999999886,0.66196236559139784946
3.990408000000002,0.66263440860215053763
3.994126999999935,0.66330645161290322581
3.994365000000016,0.66397849462365591398
3.9999139999999898,0.66465053763440860215
4.002553999999918,0.66532258064516129032
4.004335999999967,0.66599462365591397849
4.007106999999905,0.66666666666666666667
4.008518999999978,0.66733870967741935484
4.009232000000111,0.66801075268817204301
4.010228999999981,0.66868279569892473118
4.013742999999977,0.66935483870967741935
4.014931999999817,0.67002688172043010753
4.015035999999782,0.67069892473118279570
4.0174690000000055,0.67137096774193548387
4.020864999999958,0.67204301075268817204
4.021802000000093,0.67271505376344086022
4.022598000000016,0.67338709677419354839
4.02473400000008,0.67405913978494623656
4.033568000000059,0.67473118279569892473
4.041385999999875,0.67540322580645161290
4.044158000000152,0.67607526881720430108
4.045988000000079,0.67674731182795698925
4.049045999999635,0.67741935483870967742
4.052038999999695,0.67809139784946236559
4.0583590000001095,0.67876344086021505376
4.058849000000009,0.67943548387096774194
4.06642799999986,0.68010752688172043011
4.066950000000361,0.68077956989247311828
4.0707689999999275,0.68145161290322580645
4.071513000000095,0.68212365591397849462
4.072394000000031,0.68279569892473118280
4.072959999999966,0.68346774193548387097
4.080028000000084,0.68413978494623655914
4.082071000000269,0.68481182795698924731
4.091545000000224,0.68548387096774193548
4.102743999999802,0.68615591397849462366
4.120323000000006,0.68682795698924731183
4.130869000000075,0.68750000000000000000
4.132440999999972,0.68817204301075268817
4.132796999999982,0.68884408602150537634
4.139010000000326,0.68951612903225806452
4.143261000000166,0.69018817204301075269
4.156280000000152,0.69086021505376344086
4.157698999999866,0.69153225806451612903
4.1684620000000905,0.69220430107526881720
4.170384000000013,0.69287634408602150538
4.176287000000002,0.69354838709677419355
4.179935999999998,0.69422043010752688172
4.185509000000366,0.69489247311827956989
4.195334999999886,0.69556451612903225806
4.195447999999942,0.69623655913978494624
4.1957459999999855,0.69690860215053763441
4.213983000000098,0.69758064516129032258
4.227760000000217,0.69825268817204301075
4.230619000000047,0.69892473118279569892
4.230675000000019,0.69959677419354838710
4.231866000000082,0.70026881720430107527
4.232821000000058,0.70094086021505376344
4.23990300000014,0.70161290322580645161
4.242161000000124,0.70228494623655913978
4.244380999999976,0.70295698924731182796
4.256251000000248,0.70362903225806451613
4.257796999999982,0.70430107526881720430
4.260444000000007,0.70497311827956989247
4.275090999999975,0.70564516129032258065
4.275431000000026,0.70631720430107526882
4.278761000000031,0.70698924731182795699
4.283555999999976,0.70766129032258064516
4.284919000000173,0.70833333333333333333
4.285301999999774,0.70900537634408602151
4.28684499999963,0.70967741935483870968
4.288692999999967,0.71034946236559139785
4.2898609999999735,0.71102150537634408602
4.291324000000003,0.71169354838709677419
4.292341999999962,0.71236559139784946237
4.292374000000109,0.71303763440860215054
4.293576999999914,0.71370967741935483871
4.29386599999998,0.71438172043010752688
4.2950739999996586,0.71505376344086021505
4.296082000000297,0.71572580645161290323
4.29626600000006,0.71639784946236559140
4.301807000000281,0.71706989247311827957
4.302972999999838,0.71774193548387096774
4.310653000000002,0.71841397849462365591
4.316640999999947,0.71908602150537634409
4.317458999999985,0.71975806451612903226
4.330788999999868,0.72043010752688172043
4.333859999999959,0.72110215053763440860
4.336874999999964,0.72177419354838709677
4.339069999999992,0.72244623655913978495
4.344373999999789,0.72311827956989247312
4.34562700000015,0.72379032258064516129
4.34698,0.72446236559139784946
4.354055000000017,0.72513440860215053763
4.354377999999997,0.72580645161290322581
4.356153999999947,0.72647849462365591398
4.3630450000000565,0.72715053763440860215
4.3664850000000115,0.72782258064516129032
4.368476999999984,0.72849462365591397849
4.370049999999992,0.72916666666666666667
4.374917000000096,0.72983870967741935484
4.380212000000029,0.73051075268817204301
4.3827870000000075,0.73118279569892473118
4.384997999999996,0.73185483870967741935
4.385328999999956,0.73252688172043010753
4.389515999999958,0.73319892473118279570
4.390524999999798,0.73387096774193548387
4.395004000000199,0.73454301075268817204
4.4131420000003345,0.73521505376344086022
4.414117000000033,0.73588709677419354839
4.420297000000119,0.73655913978494623656
4.430829000000017,0.73723118279569892473
4.432793999999831,0.73790322580645161290
4.437981000000036,0.73857526881720430108
4.438049000000007,0.73924731182795698925
4.4397019999998975,0.73991935483870967742
4.4485859999999775,0.74059139784946236559
4.463219999999865,0.74126344086021505376
4.470456999999897,0.74193548387096774194
4.471547999999984,0.74260752688172043011
4.4731910000000425,0.74327956989247311828
4.474772999999914,0.74395161290322580645
4.479137999999693,0.74462365591397849462
4.481681000000208,0.74529569892473118280
4.485649000000194,0.74596774193548387097
4.489683999999983,0.74663978494623655914
4.490267000000131,0.74731182795698924731
4.514380999999958,0.74798387096774193548
4.515666999999894,0.74865591397849462366
4.518100999999888,0.74932795698924731183
4.521235000000047,0.75000000000000000000
4.523951000000125,0.75067204301075268817
4.532702999999998,0.75134408602150537634
4.534016999999949,0.75201612903225806452
4.54046100000005,0.75268817204301075269
4.541449999999941,0.75336021505376344086
4.54660100000001,0.75403225806451612903
4.547790999999961,0.75470430107526881720
4.548850000000016,0.75537634408602150538
4.550208999999995,0.75604838709677419355
4.550599000000034,0.75672043010752688172
4.552781999999979,0.75739247311827956989
4.556265000000053,0.75806451612903225806
4.556601000000001,0.75873655913978494624
4.558952999999974,0.75940860215053763441
4.559056000000055,0.76008064516129032258
4.559246999999999,0.76075268817204301075
4.567113999999947,0.76142473118279569892
4.5712069999999585,0.76209677419354838710
4.576504000000114,0.76276881720430107527
4.577718999999888,0.76344086021505376344
4.57812100000001,0.76411290322580645161
4.579965999999786,0.76478494623655913978
4.580097999999964,0.76545698924731182796
4.581503000000112,0.76612903225806451613
4.582522000000154,0.76680107526881720430
4.583504000000005,0.76747311827956989247
4.5835839999999735,0.76814516129032258065
4.583884000000012,0.76881720430107526882
4.584129999999959,0.76948924731182795699
4.590349999999944,0.77016129032258064516
4.592110000000048,0.77083333333333333333
4.592632999999978,0.77150537634408602151
4.592637000000195,0.77217741935483870968
4.5933179999997265,0.77284946236559139785
4.593776000000048,0.77352150537634408602
4.593966999999793,0.77419354838709677419
4.59521600000005,0.77486559139784946237
4.59725299999991,0.77553763440860215054
4.597430000000031,0.77620967741935483871
4.598715999999968,0.77688172043010752688
4.599749999999858,0.77755376344086021505
4.60038700000041,0.77822580645161290323
4.602610999999996,0.77889784946236559140
4.602813999999853,0.77956989247311827957
4.603276999999707,0.78024193548387096774
4.604047999999921,0.78091397849462365591
4.605711999999983,0.78158602150537634409
4.612084999999979,0.78225806451612903226
4.612869000000046,0.78293010752688172043
4.6129719999999,0.78360215053763440860
4.613260999999966,0.78427419354838709677
4.614534999999989,0.78494623655913978495
4.615237999999863,0.78561827956989247312
4.615769999999884,0.78629032258064516129
4.61641400000002,0.78696236559139784946
4.617691999999806,0.78763440860215053763
4.619391000000178,0.78830645161290322581
4.620182999999997,0.78897849462365591398
4.62111700000014,0.78965053763440860215
4.622004999999945,0.79032258064516129032
4.62254200000001,0.79099462365591397849
4.622613000000001,0.79166666666666666667
4.624821999999995,0.79233870967741935484
4.624831999999969,0.79301075268817204301
4.6251139999999396,0.79368279569892473118
4.6283800000001065,0.79435483870967741935
4.62861799999996,0.79502688172043010753
4.631515000000036,0.79569892473118279570
4.633773999999903,0.79637096774193548387
4.6371790000002875,0.79704301075268817204
4.637533000000076,0.79771505376344086022
4.643170000000055,0.79838709677419354839
4.651897999999619,0.79905913978494623656
4.656101000000035,0.79973118279569892473
4.6575739999998405,0.80040322580645161290
4.6654929999999695,0.80107526881720430108
4.666889000000083,0.80174731182795698925
4.667553000000225,0.80241935483870967742
4.6695159999999305,0.80309139784946236559
4.671014000000014,0.80376344086021505376
4.677499999999782,0.80443548387096774194
4.681287999999995,0.80510752688172043011
4.682823999999982,0.80577956989247311828
4.68393100000003,0.80645161290322580645
4.68683800000008,0.80712365591397849462
4.696247000000312,0.80779569892473118280
4.696369000000232,0.80846774193548387097
4.698928000000251,0.80913978494623655914
4.699278000000049,0.80981182795698924731
4.700605999999993,0.81048387096774193548
4.700831999999991,0.81115591397849462366
4.7030070000000705,0.81182795698924731183
4.704590999999937,0.81250000000000000000
4.713345000000118,0.81317204301075268817
4.713901999999962,0.81384408602150537634
4.716402000000016,0.81451612903225806452
4.7170069999997395,0.81518817204301075269
4.718259999999987,0.81586021505376344086
4.720822999999996,0.81653225806451612903
4.722854999999981,0.81720430107526881720
4.725206999999955,0.81787634408602150538
4.7281050000001414,0.81854838709677419355
4.729197999999997,0.81922043010752688172
4.730501999999888,0.81989247311827956989
4.731469999999717,0.82056451612903225806
4.736494999999991,0.82123655913978494624
4.741942000000108,0.82190860215053763441
4.742479000000003,0.82258064516129032258
4.742699000000016,0.82325268817204301075
4.743309999999838,0.82392473118279569892
4.7446579999999585,0.82459677419354838710
4.752932999999757,0.82526881720430107527
4.761696000000029,0.82594086021505376344
4.765335999999934,0.82661290322580645161
4.76609899999994,0.82728494623655913978
4.769445000000019,0.82795698924731182796
4.778205999999955,0.82862903225806451613
4.780115000000023,0.82930107526881720430
4.783426999999989,0.82997311827956989247
4.783911999999873,0.83064516129032258065
4.785077000000001,0.83131720430107526882
4.789572000000135,0.83198924731182795699
4.790873999999803,0.83266129032258064516
4.795975999999882,0.83333333333333333333
4.796569999999974,0.83400537634408602151
4.805029999999988,0.83467741935483870968
4.805202999999992,0.83534946236559139785
4.8053100000001905,0.83602150537634408602
4.808967000000166,0.83669354838709677419
4.809940999999981,0.83736559139784946237
4.810670000000073,0.83803763440860215054
4.812406999999894,0.83870967741935483871
4.813875999999993,0.83938172043010752688
4.818011000000297,0.84005376344086021505
4.820066999999881,0.84072580645161290323
4.822723000000224,0.84139784946236559140
4.823233999999957,0.84206989247311827957
4.827492999999777,0.84274193548387096774
4.828716999999983,0.84341397849462365591
4.8351390000000265,0.84408602150537634409
4.835725000000366,0.84475806451612903226
4.84007500000007,0.84543010752688172043
4.843719999999848,0.84610215053763440860
4.846510000000002,0.84677419354838709677
4.846694999999954,0.84744623655913978495
4.851323000000093,0.84811827956989247312
4.852364999999963,0.84879032258064516129
4.854836999999861,0.84946236559139784946
4.8551800000000185,0.85013440860215053763
4.8553860000001805,0.85080645161290322581
4.8565849999999955,0.85147849462365591398
4.856725000000097,0.85215053763440860215
4.8579429999999775,0.85282258064516129032
4.858224999999948,0.85349462365591397849
4.86033099999986,0.85416666666666666667
4.860358000000133,0.85483870967741935484
4.861152000000402,0.85551075268817204301
4.861312999999882,0.85618279569892473118
4.861718999999994,0.85685483870967741935
4.862544999999955,0.85752688172043010753
4.865101999999979,0.85819892473118279570
4.866067999999814,0.85887096774193548387
4.866645000000062,0.85954301075268817204
4.867805999999973,0.86021505376344086022
4.868796999999972,0.86088709677419354839
4.86880599999995,0.86155913978494623656
4.868967999999768,0.86223118279569892473
4.869748000000072,0.86290322580645161290
4.87027100000023,0.86357526881720430108
4.871249000000262,0.86424731182795698925
4.872483000000102,0.86491935483870967742
4.872665999999754,0.86559139784946236559
4.873988999999938,0.86626344086021505376
4.874135999999908,0.86693548387096774194
4.874192000000221,0.86760752688172043011
4.874866999999995,0.86827956989247311828
4.87528999999995,0.86895161290322580645
4.877591000000393,0.86962365591397849462
4.877664000000095,0.87029569892473118280
4.877716999999848,0.87096774193548387097
4.8788620000000265,0.87163978494623655914
4.878967999999986,0.87231182795698924731
4.880941000000007,0.87298387096774193548
4.881357000000207,0.87365591397849462366
4.881599999999992,0.87432795698924731183
4.881616000000122,0.87500000000000000000
4.882446000000073,0.87567204301075268817
4.883324000000016,0.87634408602150537634
4.88478299999997,0.87701612903225806452
4.885389999999916,0.87768817204301075269
4.8857079999999655,0.87836021505376344086
4.885737000000063,0.87903225806451612903
4.886216999999988,0.87970430107526881720
4.886273999999958,0.88037634408602150538
4.886349999999993,0.88104838709677419355
4.886407999999847,0.88172043010752688172
4.886699000000135,0.88239247311827956989
4.887553999999909,0.88306451612903225806
4.889532000000145,0.88373655913978494624
4.88953699999999,0.88440860215053763441
4.889613999999938,0.88508064516129032258
4.8898300000000745,0.88575268817204301075
4.890027000000373,0.88642473118279569892
4.890422999999998,0.88709677419354838710
4.8912930000001325,0.88776881720430107527
4.892031999999745,0.88844086021505376344
4.892101000000025,0.88911290322580645161
4.892336999999998,0.88978494623655913978
4.892484000000422,0.89045698924731182796
4.892663999999968,0.89112903225806451613
4.892746999999872,0.89180107526881720430
4.893162999999959,0.89247311827956989247
4.893398000000161,0.89314516129032258065
4.893576999999993,0.89381720430107526882
4.893611999999848,0.89448924731182795699
4.893622999999934,0.89516129032258064516
4.893699999999853,0.89583333333333333333
4.893872,0.89650537634408602151
4.893944999999803,0.89717741935483870968
4.894033000000036,0.89784946236559139785
4.894495000000006,0.89852150537634408602
4.894522000000052,0.89919354838709677419
4.894568000000163,0.89986559139784946237
4.894860999999992,0.90053763440860215054
4.894880000000057,0.90120967741935483871
4.89526799999976,0.90188172043010752688
4.895619000000352,0.90255376344086021505
4.895757000000231,0.90322580645161290323
4.895878999999923,0.90389784946236559140
4.895981000000006,0.90456989247311827957
4.896127999999862,0.90524193548387096774
4.896189999999933,0.90591397849462365591
4.896445000000313,0.90658602150537634409
4.89645500000006,0.90725806451612903226
4.89720299999999,0.90793010752688172043
4.8972479999999905,0.90860215053763440860
4.897339999999986,0.90927419354838709677
4.897686999999678,0.90994623655913978495
4.898235999999997,0.91061827956989247312
4.8987120000000175,0.91129032258064516129
4.898791999999958,0.91196236559139784946
4.898882999999842,0.91263440860215053763
4.89983200000006,0.91330645161290322581
4.900241000000051,0.91397849462365591398
4.9002989999999045,0.91465053763440860215
4.90031399999998,0.91532258064516129032
4.900640999999723,0.91599462365591397849
4.9024109999999155,0.91666666666666666667
4.9031230000000505,0.91733870967741935484
4.90313900000001,0.91801075268817204301
4.903450000000021,0.91868279569892473118
4.903694999999971,0.91935483870967741935
4.9066539999998895,0.92002688172043010753
4.907562999999982,0.92069892473118279570
4.907793999999967,0.92137096774193548387
4.909448999999995,0.92204301075268817204
4.916453000000047,0.92271505376344086022
4.917397999999594,0.92338709677419354839
4.919648999999936,0.92405913978494623656
4.93053000000009,0.92473118279569892473
4.936502000000019,0.92540322580645161290
4.940636999999924,0.92607526881720430108
4.956157999999959,0.92674731182795698925
4.956234999999992,0.92741935483870967742
4.95810500000016,0.92809139784946236559
4.963132999999999,0.92876344086021505376
4.963843999999881,0.92943548387096774194
4.968057999999928,0.93010752688172043011
4.976133000000118,0.93077956989247311828
4.9762769999997545,0.93145161290322580645
4.984311000000162,0.93212365591397849462
4.985582000000001,0.93279569892473118280
4.9866120000000365,0.93346774193548387097
4.987317999999959,0.93413978494623655914
4.988699999999881,0.93481182795698924731
4.988790999999992,0.93548387096774193548
4.989725999999791,0.93615591397849462366
4.991281000000072,0.93682795698924731183
5.0023519999999735,0.93750000000000000000
5.019434000000274,0.93817204301075268817
5.022019999999884,0.93884408602150537634
5.023417000000109,0.93951612903225806452
5.027844999999957,0.94018817204301075269
5.030606000000262,0.94086021505376344086
5.035339000000022,0.94153225806451612903
5.042791000000079,0.94220430107526881720
5.05337099999997,0.94287634408602150538
5.054429999999911,0.94354838709677419355
5.065838999999869,0.94422043010752688172
5.068606999999986,0.94489247311827956989
5.071226999999908,0.94556451612903225806
5.073163999999906,0.94623655913978494624
5.074925999999778,0.94690860215053763441
5.0762690000001385,0.94758064516129032258
5.080196000000001,0.94825268817204301075
5.081627000000026,0.94892473118279569892
5.0859120000000075,0.94959677419354838710
5.089346999999975,0.95026881720430107527
5.089357000000064,0.95094086021505376344
5.092462000000069,0.95161290322580645161
5.095972999999958,0.95228494623655913978
5.116348000000016,0.95295698924731182796
5.117818999999997,0.95362903225806451613
5.121552000000065,0.95430107526881720430
5.125833999999941,0.95497311827956989247
5.134958999999981,0.95564516129032258065
5.13800399999991,0.95631720430107526882
5.141397999999981,0.95698924731182795699
5.143107999999984,0.95766129032258064516
5.144867999999974,0.95833333333333333333
5.151274000000058,0.95900537634408602151
5.151908999999932,0.95967741935483870968
5.154206000000158,0.96034946236559139785
5.154679000000044,0.96102150537634408602
5.155659000000014,0.96169354838709677419
5.156987000000015,0.96236559139784946237
5.157565000000005,0.96303763440860215054
5.1578969999999345,0.96370967741935483871
5.158053000000109,0.96438172043010752688
5.160138999999617,0.96505376344086021505
5.160873000000265,0.96572580645161290323
5.160919999999805,0.96639784946236559140
5.161286000000018,0.96706989247311827957
5.161601000000246,0.96774193548387096774
5.162081999999941,0.96841397849462365591
5.163508000000093,0.96908602150537634409
5.16357400000004,0.96975806451612903226
5.164131999999995,0.97043010752688172043
5.164491999999996,0.97110215053763440860
5.164580000000001,0.97177419354838709677
5.164643000000069,0.97244623655913978495
5.164921000000049,0.97311827956989247312
5.165024999999957,0.97379032258064516129
5.165861,0.97446236559139784946
5.165878000000248,0.97513440860215053763
5.166119999999864,0.97580645161290322581
5.166178999999943,0.97647849462365591398
5.167484999999942,0.97715053763440860215
5.168148999999971,0.97782258064516129032
5.168619000000035,0.97849462365591397849
5.169661000000133,0.97916666666666666667
5.17121800000001,0.97983870967741935484
5.171256999999969,0.98051075268817204301
5.171615000000202,0.98118279569892473118
5.17412000000013,0.98185483870967741935
5.176355000000058,0.98252688172043010753
5.2337649999999485,0.98319892473118279570
5.250794000000042,0.98387096774193548387
5.325503000000026,0.98454301075268817204
5.353315999999722,0.98521505376344086022
5.377250999999887,0.98588709677419354839
5.397679999999923,0.98655913978494623656
5.4117489999998725,0.98723118279569892473
5.4251680000002125,0.98790322580645161290
5.425717999999961,0.98857526881720430108
5.42781500000001,0.98924731182795698925
5.430511999999908,0.98991935483870967742
5.432416000000103,0.99059139784946236559
5.436093000000255,0.99126344086021505376
5.437922999999955,0.99193548387096774194
5.439282999999705,0.99260752688172043011
5.445816000000036,0.99327956989247311828
5.535090000000082,0.99395161290322580645
5.549924999999803,0.99462365591397849462
5.569772999999941,0.99529569892473118280
5.584566999999993,0.99596774193548387097
5.709080999999969,0.99663978494623655914
5.973581999999965,0.99731182795698924731
6.514693000000001,0.99798387096774193548
6.5329719999999725,0.99865591397849462366
6.753683999999794,0.99932795698924731183
7.376987999999983,1.00000000000000000000
