4.8599999990983633E-4
5.169999999452557E-4
5.25999999808846E-4
5.320000000210712E-4
5.570000002990128E-4
5.670000000463915E-4
5.719999999200809E-4
5.720000000337677E-4
5.999999999630745E-4
6.010000001879234E-4
6.119999999896208E-4
6.129999999870961E-4
6.169999999201536E-4
6.220000000212167E-4
6.220000000212167E-4
6.229999999050051E-4
6.279999997786945E-4
6.290000001172302E-4
6.34999999874708E-4
6.359999999858701E-4
6.379999999808206E-4
6.399999997483974E-4
6.399999999757711E-4
6.510000000048421E-4
6.609999999227512E-4
6.739999998899293E-4
6.760000001122535E-4
6.769999999960419E-4
6.79000000218366E-4
6.829999999808933E-4
7.000000000516593E-4
7.769999999709398E-4
7.840000000669534E-4
8.049999999002466E-4
8.599999999887586E-4
0.0014199999999391366
0.0019149999999967804
0.0023389999998926214
0.003517999999985477
0.003922999999758758
0.004073999999945954
0.004554000000098313
0.004817999999886524
0.005142999999861786
0.006268999999974767
0.006931999999778782
0.007055000000036671
0.0074890000000777945
0.0077289999999266
0.00786100000004808
0.009015999999974156
0.00920799999994415
0.009524000000055821
0.009706000000051063
0.010224999999991269
0.01044000000001688
0.010484000000019478
0.01067300000022442
0.011066000000027998
0.011741999999912878
0.01226600000018152
0.012314000000060332
0.012673000000177126
0.013127000000167754
0.014347000000043408
0.014623000000028696
0.014927000000170665
0.015044000000216329
0.015383999999812659
0.016841999999996915
0.017265999999835913
0.017720000000053915
0.017994999999984884
0.018586000000141212
0.01901900000001433
0.019283999999970547
0.021110000000135187
0.021241000000031818
0.021815999999944324
0.022478999999975713
0.022544000000038977
0.02290500000026441
0.023110999999971682
0.024385000000165746
0.02488100000027771
0.026335000000017317
0.026953000000048633
0.027000000000043656
0.027559000000110245
0.027616999999736436
0.028166000000055647
0.029276000000209024
0.029569000000037704
0.02957200000003013
0.029629000000113592
0.0298280000001796
0.02983700000004319
0.029999999999972715
0.030533999999988737
0.030780999999933556
0.03203700000005938
0.032153999999991356
0.03262200000017401
0.033175000000028376
0.03347600000000739
0.034088000000110696
0.03444000000035885
0.03466099999968719
0.03500700000017787
0.0361470000002555
0.036648999999670195
0.03676599999994323
0.037282999999661115
0.03734800000006544
0.03745400000025256
0.037653999999974985
0.03785999999990963
0.04009299999995619
0.040586000000018885
0.04069699999990917
0.04078800000024785
0.04092499999978827
0.04126900000005662
0.04239099999995233
0.04296199999998862
0.043224000000009255
0.0434850000001461
0.04527399999960835
0.04688799999985349
0.04761800000005678
0.047783999999865046
0.04841599999963364
0.048597999999856256
0.049016999999821564
0.049130000000332075
0.049372999999832246
0.05030300000044008
0.0508150000000569
0.050983999999971275
0.05157599999984086
0.05187999999998283
0.054928000000018073
0.05542800000011994
0.05560399999990295
0.05573499999991327
0.05625099999997474
0.05670299999974304
0.05674199999998564
0.05689899999970294
0.05852199999981167
0.0585439999999835
0.0591100000001461
0.06063200000016877
0.062094999999999345
0.06255099999998492
0.06289000000015221
0.06487000000015541
0.06553399999984322
0.0658450000000812
0.06622100000004139
0.06696899999997186
0.06786600000009457
0.06987200000003213
0.07023499999991145
0.07029099999999744
0.071418999999878
0.07146399999999176
0.07204200000023775
0.07217999999988933
0.07562999999981912
0.07590699999991557
0.07649500000025
0.0780760000002374
0.07852500000035434
0.07879499999990003
0.07904300000018338
0.07922000000007756
0.07945999999992637
0.0806999999999789
0.08105300000011084
0.08112199999982295
0.0815499999999929
0.0816859999999906
0.08170699999982389
0.08270700000002762
0.08307199999990189
0.08323999999993248
0.0833479999996598
0.08370099999979175
0.08383500000002186
0.08434599999998227
0.08541100000002189
0.08568900000000212
0.08674999999993815
0.08675400000015543
0.08799999999996544
0.08824600000025384
0.0886120000000119
0.09097800000006373
0.09121000000004642
0.09132900000031441
0.09158100000013292
0.0917699999999968
0.09199999999987085
0.09210699999994176
0.09239200000001802
0.09279399999999782
0.09288300000002891
0.09311799999977666
0.09448900000006688
0.09487600000011298
0.09539799999993193
0.09553600000026563
0.09587299999998322
0.09616800000003423
0.09641399999964051
0.097758999999769
0.09882399999992231
0.09891799999991235
0.10053699999980381
0.1008640000000014
0.10118299999999181
0.10141300000032061
0.10168900000007852
0.10344200000008641
0.10365999999976339
0.10379100000000108
0.10410599999977421
0.10449100000005274
0.10506600000007893
0.10540499999979147
0.10577699999998913
0.10608700000000226
0.10619599999995444
0.10692000000017288
0.10711800000012772
0.10761900000011337
0.10777299999995194
0.1081970000000183
0.1086129999998775
0.1088940000004186
0.1089240000000018
0.10920200000009572
0.10960199999999531
0.11050199999999677
0.11069900000006783
0.11103200000025026
0.1115469999999732
0.11557900000002519
0.11611200000015742
0.11746900000002825
0.11760600000002341
0.11783299999979135
0.11792400000013004
0.11833300000034797
0.11976400000003196
0.12033000000002403
0.12160700000003999
0.12185100000033344
0.1227489999998852
0.12281999999959226
0.12349999999992178
0.12403300000005402
0.12405499999999847
0.12409300000001622
0.12427099999990787
0.1245289999999386
0.12486499999999978
0.12486500000022716
0.1248860000000036
0.12560300000018287
0.12635900000009315
0.12660300000015923
0.12676699999997254
0.12676700000019991
0.12715400000001864
0.12729000000013002
0.12798100000009072
0.12811099999998987
0.12848600000006627
0.12966199999982564
0.12987900000007357
0.12999200000012934
0.13112099999989368
0.1311369999998533
0.1323090000000775
0.13234200000033525
0.13251500000001215
0.13262299999996685
0.13423699999998462
0.13480200000003606
0.13533600000027945
0.1360380000000987
0.13606499999991684
0.13641900000015994
0.13665600000001632
0.13724199999978737
0.13730400000008558
0.13919199999998
0.1413279999999304
0.14141499999959706
0.14200900000003003
0.14218000000005304
0.14253999999982625
0.14268300000003364
0.1427009999999882
0.1432800000000043
0.14409499999965192
0.1444810000000416
0.14477499999998145
0.14499799999998686
0.1452819999999999
0.1455540000001747
0.1459580000000642
0.14610300000003917
0.14630399999987276
0.14715400000022782
0.14814199999977973
0.1487529999999424
0.14901799999995546
0.14961799999991854
0.15018400000008114
0.15134299999999712
0.15226699999993798
0.15275000000002592
0.1539029999999002
0.15394900000001144
0.15498899999965943
0.15517799999997806
0.15525499999989734
0.15528300000005402
0.15576400000009016
0.15601500000002488
0.15601599999990867
0.1560660000000098
0.1566400000001522
0.15909800000000018
0.15951799999993455
0.1606259999998656
0.16110100000014427
0.16158400000006168
0.16160200000012992
0.16225399999984802
0.1624750000000006
0.1641239999999975
0.16479800000024625
0.16539099999999962
0.16681900000003225
0.16806099999985236
0.16820999999981723
0.16829599999982747
0.16841999999996915
0.1693800000000465
0.1701029999999264
0.17024099999980535
0.17052000000012413
0.17245700000000852
0.1728040000002693
0.17294700000002194
0.1739829999999074
0.174478999999792
0.17628300000001218
0.17633200000000215
0.17735399999992296
0.1779070000000047
0.1788139999998748
0.17888899999979913
0.1801669999999831
0.18021299999986695
0.18024300000001858
0.18128299999989395
0.18225699999993594
0.18344400000023597
0.18353299999989758
0.18372899999997117
0.18423200000006545
0.18442399999999282
0.18490999999994528
0.18560200000001714
0.18561399999998685
0.18594600000005812
0.18706199999996898
0.19110399999999572
0.19152800000028947
0.19182099999989077
0.19190900000000966
0.1920029999999997
0.19214400000009846
0.19471400000003314
0.19527999999991152
0.1971849999999904
0.19844899999998233
0.1993089999999711
0.1999270000000024
0.2007010000002083
0.20147599999999954
0.20189799999980096
0.2025639999997111
0.20263599999998405
0.20326900000009118
0.20396399999999915
0.20400699999999006
0.20436599999993632
0.2047059999999874
0.2050930000000335
0.2069050000000061
0.2072729999999865
0.20790299999998751
0.20836099999996804
0.2090979999998126
0.20995099999999667
0.21037599999999657
0.210685999999896
0.21084600000017417
0.21137300000009418
0.21225099999998065
0.21236599999974715
0.2129929999999831
0.21310000000005402
0.21554600000001756
0.21574799999962124
0.21721900000011374
0.21758200000022043
0.21961099999998623
0.22010799999998198
0.22046799999998257
0.2206930000002103
0.22153300000002218
0.2217689999997674
0.2218860000002678
0.2232610000000932
0.2233699999997043
0.22364600000003065
0.22426399999994828
0.2244660000001204
0.22616500000003725
0.2275030000000129
0.2278230000001713
0.22885300000007192
0.2290699999999788
0.23012900000003356
0.23099200000001474
0.2310139999999592
0.2314259999998285
0.23230100000000675
0.2334410000000844
0.23365000000001146
0.23391300000002957
0.23547199999984514
0.23601499999995212
0.2366620000000239
0.23689500000000407
0.23766299999988405
0.23956900000007408
0.23977899999999863
0.23980800000026647
0.24093300000004092
0.24279999999998836
0.24280499999986205
0.2431189999997514
0.2445039999997789
0.24476700000002438
0.24559399999998277
0.2456609999999273
0.24637799999982235
0.24650500000007014
0.2470260000000053
0.24746999999999986
0.24830999999994674
0.24934699999994336
0.24946899999986272
0.24955199999999422
0.2505989999999656
0.2510620000000472
0.2522400000000289
0.2529660000000149
0.25314300000002277
0.25380299999983436
0.254434999999944
0.2545959999997649
0.2580239999999776
0.25875600000017585
0.25876000000016575
0.2589229999999816
0.2596840000001066
0.26055399999995643
0.26106499999991684
0.262126999999964
0.2626020000000153
0.262773000000152
0.2628260000001319
0.2644749999999476
0.26452900000003865
0.2649229999999534
0.26509400000031746
0.2652400000001762
0.26609099999996033
0.2661709999999857
0.2662729999999556
0.2667630000000827
0.2670330000000014
0.2674689999998918
0.26809800000000905
0.2688199999997778
0.2690690000001723
0.2692429999999604
0.26965999999993073
0.26968699999997625
0.27066599999989194
0.2716130000001158
0.2727399999998852
0.273352000000159
0.2742560000001504
0.27426799999966534
0.2745429999999942
0.2756939999999304
0.27643799999987095
0.2767390000000205
0.2780800000000454
0.280116999999791
0.2810000000000059
0.2822050000000047
0.28331800000023577
0.2838880000000472
0.284987000000001
0.2852179999999862
0.28573499999993146
0.2866349999999329
0.2897240000002057
0.29120499999999083
0.29611800000020594
0.2980649999999514
0.2982719999999972
0.2996259999999893
0.30081399999994574
0.30775999999968917
0.3078209999998762
0.30976100000000883
0.31009499999981927
0.31057400000008784
0.31131299999992734
0.31161199999996825
0.3162729999999101
0.31832299999999236
0.3229910000000018
0.3235179999999218
0.3253899999999703
0.3269829999999274
0.3281200000001263
0.32848699999976816
0.3303759999998874
0.3332120000000032
0.33329600000024584
0.33390399999984766
0.3342600000000857
0.334536000000071
0.3347710000000461
0.3356340000000273
0.33863800000017363
0.34373100000004797
0.3457059999999501
0.34666899999999146
0.34825999999975465
0.3488190000000486
0.35009100000002036
0.3513229999998657
0.3526440000000548
0.3528999999999769
0.356036000000131
0.35681499999998323
0.35711600000013277
0.35855099999992035
0.35954800000001796
0.36073100000001546
0.36262299999998504
0.3631340000001728
0.366121000000021
0.3718210000001818
0.37208499999997
0.37212200000021767
0.37481899999988855
0.3753630000001067
0.37538599999970756
0.3764600000000087
0.3798760000004222
0.379997000000003
0.38136500000007345
0.38185
0.38247499999999945
0.3826559999999972
0.3860429999999724
0.38637500000004366
0.3867659999996249
0.3888249999999971
0.3909650000000511
0.39154400000006717
0.392757999999958
0.39362500000004275
0.39538400000014917
0.39810099999999693
0.3996060000000625
0.3997519999998076
0.40173200000026554
0.4028099999999313
0.4029289999999719
0.4047729999999774
0.40506799999997156
0.4056789999999637
0.4067779999998038
0.4081910000000164
0.40878300000008494
0.4112439999998969
0.4129929999999149
0.4135909999999967
0.41447900000002846
0.41521499999998923
0.4166859999997996
0.41882699999996476
0.4281379999999899
0.4316799999999148
0.43177799999989475
0.43208000000004176
0.43249500000001717
0.4332720000002155
0.43444199999999
0.43484600000010687
0.43567300000017894
0.43819200000007186
0.4404349999999795
0.4465330000000449
0.4469909999997981
0.4471960000000763
0.4473690000000019
0.4474760000000515
0.4514050000000225
0.45144900000013877
0.45515000000023065
0.45914300000004005
0.4596970000000056
0.4624340000000302
0.4628099999999904
0.46363399999995636
0.46395599999999604
0.4640229999999974
0.4660790000000361
0.4695240000000922
0.4725479999997333
0.4735439999999471
0.47360299999991184
0.47645600000032573
0.47777799999994386
0.4789850000000797
0.4794090000000324
0.4809649999999692
0.48149300000022777
0.4818209999999681
0.482618999999886
0.48460000000022774
0.48527500000000146
0.48646999999982654
0.48897900000008576
0.4926659999999856
0.4964909999998781
0.4998230000001058
0.5107389999998304
0.5130580000000009
0.5147580000000289
0.5151789999999892
0.5163080000002083
0.5169529999998304
0.5219119999999293
0.5230249999999614
0.5259809999997742
0.5268149999997149
0.5268710000000283
0.5280779999998231
0.5291110000000003
0.5350210000001425
0.5366440000000239
0.5393400000002657
0.5426680000000488
0.5433259999999791
0.5435420000003433
0.5439910000000054
0.5449140000000625
0.5455360000000837
0.5462659999998323
0.5472950000003038
0.5480489999999918
0.5483319999998457
0.5523339999999735
0.5548440000002302
0.555926999999997
0.5567650000000413
0.5604209999999057
0.5605799999998453
0.5672569999996995
0.5673480000000097
0.5698790000001281
0.5727640000000065
0.5749660000001313
0.5767999999999915
0.5771119999999428
0.5799770000003264
0.5847009999999955
0.5855939999999009
0.5867139999998017
0.5958780000000843
0.6008510000000342
0.6057069999999385
0.6134560000000135
0.6148100000000056
0.6161399999998594
0.6185500000000275
0.6207919999999376
0.6211140000000341
0.6220279999997729
0.6233190000002651
0.6269589999999425
0.6332740000002559
0.6374570000002677
0.638499000000138
0.6438749999997526
0.6465309999998681
0.6542669999998907
0.6581850000000031
0.6589089999999942
0.6605850000000828
0.6662029999999959
0.6685419999998885
0.6738330000000587
0.6738809999999944
0.6740859999999884
0.6834369999999126
0.6902880000000096
0.6914970000000267
0.7017139999998108
0.7036709999999857
0.7052320000000236
0.7070830000000115
0.7087970000000041
0.7235170000000153
0.7257309999999961
0.7259409999999207
0.7325620000001436
0.7347140000001673
0.7410919999999805
0.7476830000000518
0.7489689999999882
0.757863000000043
0.7580299999999625
0.7581299999999374
0.7645840000000135
0.7690000000002328
0.7700839999999971
0.7704900000001089
0.7739320000000589
0.7785679999997228
0.7930590000000848
0.7945129999998244
0.8042300000001887
0.8058740000001308
0.806822000000011
0.8117059999999867
0.8130459999999857
0.8193889999997737
0.8231180000000222
0.8305039999999053
0.8397370000000137
0.843735999999808
0.8494510000000446
0.8535019999999349
0.8563740000000166
0.8566150000001471
0.8626949999999738
0.8721220000002177
0.8739990000003672
0.8856919999998354
0.8927659999999378
0.896712999999977
0.9064439999999934
0.907374000000118
0.908360000000016
0.9172480000000007
0.9190029999999751
0.9257300000000157
0.9265280000000757
0.9432280000000901
0.9480989999997291
0.9677630000001045
0.9860029999999824
0.991706000000022
1.0049430000000257
1.0051660000001448
1.0052190000001247
1.0271349999998165
1.0324310000000878
1.0386340000000018
1.0534819999999172
1.0671239999999216
1.0696980000000167
1.0759780000000774
1.0781779999999976
1.0786800000000767
1.0819430000001375
1.088997000000063
1.0905759999999987
1.095749000000069
1.110182999999779
1.1273390000000063
1.1330370000000016
1.1397970000002715
1.142458999999917
1.1459890000000996
1.1889400000000023
1.2013349999997445
1.2148329999999987
1.2214389999999185
1.2238389999999981
1.2429889999998522
1.2486069999999927
1.2525500000000065
1.25683099999992
1.2716760000002978
1.2755710000001272
1.2951140000000123
1.2974730000000108
1.2999379999999974
1.3011849999999754
1.3017580000000635
1.3025900000000092
1.3316880000000424
1.3499410000000012
1.3562789999999723
1.3594400000000064
1.3657849999999598
1.3880739999999605
1.391978000000023
1.3999479999997675
1.439947
1.4559050000000298
1.459545999999989
1.4681789999999637
1.4695730000000253
1.4910830000000033
1.5045630000000187
1.5091910000001008
1.547990000000027
1.5631240000000162
1.5689030000000912
1.578248000000002
1.5802309999999977
1.5822100000000319
1.5908740000000137
1.594767999999931
1.597148000000061
1.6025119999999902
1.616583999999989
1.6187759999999969
1.6189170000000104
1.6258420000000058
1.6270479999999985
1.6493359999999484
1.6563280000000304
1.673765000000003
1.680896999999959
1.6837289999998575
1.6979420000000118
1.7084150000000022
1.7135560000000396
1.7208420000000046
1.7278420000000096
1.74206600000025
1.7432929999999942
1.749258999999995
1.7590119999999843
1.8458200000000033
1.8877470000002177
1.8889429999999265
1.9101570000000265
1.9732289999999466
1.9932939999999917
1.9972989999998845
2.025673999999981
2.052048999999897
2.0771199999999226
2.0816469999999754
2.0959490000000187
2.101007000000095
2.1224099999999453
2.1519530000000486
2.2340300000000752
2.2594890000000305
2.2603050000000025
2.366757000000007
2.4003130000000965
2.4003569999999854
2.4082449999999938
2.419826999999941
2.4616540000001805
2.498490000000004
2.5329529999999068
2.5356660000002194
2.548424000000068
2.5669639999999987
2.595905000000016
2.6621150000000853
2.6687169999999867
2.7034949999999753
2.7557250000000124
2.7657580000000053
2.7978669999999966
2.807555000000093
2.8518980000003467
2.860633000000007
2.865761000000006
2.866379000000009
2.8714370000000002
2.9112519999999904
2.922949000000017
2.9313629999999193
3.007987999999841
3.050969000000009
3.066048000000137
3.078119000000015
3.091833000000179
3.1305419999998776
3.139745000000005
3.1444999999999936
3.1485459999998966
3.1494299999999384
3.185937000000024
3.1876969999999574
3.217130999999995
3.2425610000000233
3.2483959999999996
3.262917000000016
3.308872000000008
3.314198000000033
3.336447999999791
3.386799999999994
3.4069709999999986
3.417411999999999
3.4328560000000152
3.4400079999999775
3.441092000000026
3.4412960000000794
3.441575000000057
3.4422270000000026
3.4426260000000184
3.443256999999903
3.445175000000006
3.446553999999992
3.449844999999982
3.4499409999998534
3.4512230000000272
3.455489999999827
3.4825030000000083
3.503514999999993
3.5289909999999054
3.5315510000000074
3.5318579999999997
3.5390170000000296
3.541044999999997
3.549395000000004
3.581036000000001
3.59752299999991
3.6188609999999244
3.6203669999999875
3.635188999999997
3.6548679999998512
3.6698999999998705
3.6777429999999924
3.687828999999965
3.6963269999999966
3.698118000000022
3.70283900000004
3.70710199999985
3.707390000000032
3.7086840000001757
3.7142610000000786
3.7157430000000318
3.717262000000005
3.7183860000000095
3.7212630000000217
3.759548999999879
3.760563999999931
3.7642250000000104
3.7696319999999446
3.7891679999997905
3.795784000000367
3.7975569999999976
3.8027759999999944
3.8050680000001194
3.8062889999999925
3.8315840000000208
3.8333140000000014
3.838232000000062
3.9083590000000186
3.9254459999999654
3.927297000000067
3.936401999999987
3.9731830000000627
3.988345999999865
3.991469000000052
3.9999860000002627
4.002385999999888
4.004754000000048
4.006499000000076
4.008059999999887
4.008511999999996
4.00970899999993
4.012740000000122
4.013637000000017
4.01548200000002
4.015590000000088
4.026544999999942
4.03142600000001
4.0349670000000515
4.041441999999961
4.0444179999999506
4.045886999999993
4.053540999999996
4.065577000000005
4.065781000000015
4.072989999999891
4.077842000000004
4.08026000000018
4.080738999999994
4.086131999999992
4.117298000000119
4.1216739999999845
4.122822000000269
4.135769999999866
4.141941999999972
4.142656000000045
4.1448330000000055
4.147348999999963
4.155809999999974
4.190965000000006
4.191988999999921
4.200359999999819
4.206566000000066
4.212470000000394
4.217632999999751
4.227513999999928
4.228994999999941
4.241881999999805
4.241898999999989
4.245869999999968
4.246564999999919
4.258950000000027
4.262423000000126
4.2690959999999905
4.2715619999999035
4.273530000000392
4.278677000000016
4.281082999999967
4.282210000000305
4.282474000000093
4.285027999999784
4.2852249999999685
4.285719999999969
4.2874729999998635
4.288890999999921
4.289537999999993
4.289577999999892
4.290065000000027
4.292493999999806
4.2952040000000125
4.295644999999922
4.295741999999791
4.297035000000051
4.2977099999998245
4.298270999999886
4.302273999999898
4.306531999999606
4.312225000000012
4.316653999999971
4.318209999999908
4.321130000000267
4.322229999999763
4.33762999999999
4.3436249999999745
4.344120000000203
4.345953000000009
4.346574000000146
4.346874999999983
4.346922999999947
4.347158000000036
4.3498500000000035
4.350590000000011
4.353006999999934
4.353791000000001
4.354613000000427
4.354934999999841
4.35955100000001
4.367690000000039
4.369860000000017
4.373830999999996
4.383687000000009
4.385012999999617
4.386982999999873
4.388056000000233
4.390026000000034
4.396897999999965
4.402405999999928
4.410538999999972
4.4115499999998065
4.415890000000218
4.418633000000227
4.426660999999967
4.438123000000019
4.441788999999972
4.444161000000008
4.449661000000106
4.451025999999729
4.454560000000129
4.460477000000083
4.465197999999873
4.465525000000071
4.472941999999875
4.478325000000041
4.484226000000035
4.48530199999999
4.4867599999997765
4.4875619999999685
4.48871599999984
4.490406000000007
4.494437000000062
4.498947000000044
4.501854000000094
4.502071000000001
4.512230000000272
4.512294999999995
4.5173359999998866
4.521003000000292
4.522257999999965
4.5293689999998605
4.530517000000032
4.533492999999908
4.5413429999999835
4.543803999999909
4.544520999999975
4.544685000000072
4.545245000000023
4.545851000000084
4.550224000000071
4.550344000000223
4.552592000000004
4.552868999999646
4.554147000000285
4.5544740000000274
4.557843999999932
4.558091999999988
4.5608900000001995
4.562037000000032
4.564450999999963
4.564609000000019
4.567315000000008
4.571138000000019
4.572148999999854
4.572327000000087
4.572728000000097
4.574275999999998
4.57431699999961
4.57491200000004
4.575073999999859
4.5765339999998105
4.5791840000001685
4.5796080000000075
4.58025600000019
4.580778000000009
4.581974000000173
4.5820320000000265
4.582492999999886
4.582940000000008
4.583010000000002
4.585351000000173
4.585657999999967
4.586487000000034
4.587377999999717
4.587460000000192
4.587604999999712
4.587692000000061
4.5884530000003
4.588453999999956
4.589252000000215
4.589566999999988
4.59054100000003
4.590834000000086
4.590888999999834
4.591358999999997
4.591474999999946
4.591857000000118
4.59260200000017
4.593252000000007
4.593717000000197
4.594507000000249
4.594804000000067
4.59541900000022
4.59586199999967
4.598478000000341
4.605736999999976
4.607962000000043
4.611155999999994
4.613462000000027
4.613885999999866
4.61511100000007
4.616063000000395
4.616279000000304
4.617973999999776
4.618346999999972
4.618950000000041
4.618951999999808
4.619401000000153
4.620336999999836
4.620535000000018
4.620574999999917
4.620715000000018
4.621075999999903
4.6222170000000915
4.622667999999976
4.623748999999975
4.6238469999998415
4.623974999999973
4.624381999999969
4.625790000000052
4.627167999999983
4.627936000000318
4.629104999999981
4.631278999999722
4.632542000000058
4.640455000000202
4.6421269999999595
4.643039999999928
4.645910999999842
4.646088999999847
4.647011999999904
4.648178000000144
4.651549000000159
4.654320000000098
4.655441999999766
4.657022999999981
4.658368999999993
4.6588730000003125
4.6592109999996865
4.660155000000032
4.662034000000006
4.6675710000000095
4.671467000000007
4.671930999999859
4.671945999999934
4.6733729999996285
4.67360599999995
4.67612199999985
4.678290999999945
4.6786429999999655
4.680445999999847
4.682419999999979
4.682628000000022
4.684346000000005
4.6899130000001605
4.691667000000052
4.693015999999943
4.697294000000056
4.70437400000003
4.714811000000282
4.71630499999992
4.716679999999997
4.722246999999697
4.722900000000209
4.723178999999959
4.724337000000105
4.726309000000128
4.728484999999864
4.729487999999947
4.730424999999968
4.733075999999983
4.7340110000000095
4.734590000000026
4.7352569999998195
4.740738999999849
4.741671999999653
4.742355999999745
4.742870000000039
4.743894000000182
4.750020999999833
4.750135
4.751607000000149
4.75592000000006
4.757293000000118
4.758036000000175
4.760787999999991
4.761863999999946
4.7620810000003075
4.764385999999831
4.765522000000146
4.769140000000107
4.771414000000277
4.772766000000047
4.773514000000006
4.774537000000237
4.776247999999896
4.7764159999999265
4.77669800000001
4.778683999999885
4.782278000000133
4.784392999999909
4.788519000000065
4.79163699999981
4.791924999999992
4.794534999999996
4.796175999999946
4.796582000000058
4.800709999999981
4.802730999999767
4.802889999999934
4.803828999999951
4.804924999999912
4.80590200000006
4.806626999999935
4.807843000000048
4.810142000000269
4.810591999999815
4.811474000000004
4.812790999999834
4.813002000000097
4.813947999999982
4.820876999999996
4.821840000000066
4.823365999999851
4.823410000000001
4.824993000000177
4.833980999999994
4.835337999999865
4.83977300000015
4.844056999999793
4.845933000000059
4.846194000000025
4.847303999999895
4.850138000000243
4.850225000000137
4.851032000000032
4.851137000000108
4.853117999999995
4.853244999999788
4.854937999999947
4.855555000000095
4.8579590000001645
4.858068000000003
4.8590580000000045
4.859651999999642
4.860324000000219
4.861468999999943
4.861472000000049
4.862016999999923
4.8620780000001105
4.86222500000008
4.86364599999979
4.863676999999996
4.864145000000008
4.864516000000094
4.864865999999893
4.864983999999822
4.865190000000041
4.86524600000007
4.86539300000004
4.866952999999967
4.867082999999639
4.867105000000038
4.8673720000001595
4.867686999999933
4.867768000000069
4.867799000000105
4.868105000000014
4.868293999999878
4.86851200000001
4.8687589999999545
4.869957999999997
4.870546999999988
4.870871000000079
4.872589999999946
4.8742919999999685
4.875982000000022
4.876793000000021
4.877063000000021
4.877420000000029
4.8776849999999286
4.87778400000002
4.87802099999999
4.878343999999743
4.879640999999992
4.880392999999913
4.880668000000242
4.880937000000131
4.881025000000022
4.882951000000048
4.8830840000000535
4.883092000000033
4.883628999999928
4.884153999999853
4.884508000000096
4.884511999999859
4.8845870000000104
4.885392000000138
4.8856479999999465
4.886160000000018
4.88648000000012
4.886637999999948
4.886774999999943
4.887022999999999
4.8874790000004396
4.887780000000021
4.88779999999997
4.887853000000064
4.887936999999965
4.888106999999991
4.8881369999999995
4.888155999999981
4.888261000000057
4.8885049999998955
4.888650999999982
4.889431000000059
4.889874999999847
4.890018999999938
4.89052700000002
4.890699999999924
4.890736999999945
4.890787000000046
4.890840999999909
4.89092299999993
4.891163000000233
4.891292999999678
4.891417999999703
4.891888000000108
4.892273999999929
4.892331999999897
4.892394999999965
4.89273500000013
4.892768000000046
4.893167000000176
4.893208000000186
4.893229000000019
4.893763999999919
4.893967999999859
4.894291000000067
4.8945199999998295
4.894522999999936
4.894688000000087
4.8947870000001785
4.895395000000008
4.896016000000145
4.896445000000313
4.896909000000051
4.897200999999768
4.897554000000127
4.8977960000001985
4.897895000000062
4.898197999999866
4.898279000000002
4.898487999999929
4.898689999999988
4.89916600000015
4.899247000000287
4.8993860000000495
4.899405999999999
4.899636999999984
4.9004979999999705
4.901322000000164
4.901405000000068
4.902113000000099
4.90258300000005
4.902778999999981
4.902826000000005
4.903464999999869
4.903554999999869
4.905052000000069
4.905497999999625
4.906039999999848
4.906656999999996
4.907666999999947
4.907962000000225
4.907986999999935
4.9082879999999705
4.910799999999881
4.913328000000092
4.922733999999764
4.928458999999975
4.935653000000002
4.939401000000089
4.940538999999944
4.947636999999986
4.949806999999964
4.9521780000000035
4.953569000000016
4.956783000000087
4.980791999999951
4.981667000000016
4.991732000000013
5.000091999999768
5.000303000000031
5.006442999999763
5.012088000000176
5.012501000000157
5.01516300000003
5.023032999999941
5.033255999999938
5.0335459999998875
5.0348639999999705
5.038808999999674
5.041787999999997
5.042165000000068
5.056694999999763
5.059683000000064
5.05976899999996
5.066976999999952
5.070148000000017
5.073640999999952
5.0807909999999765
5.081845999999814
5.082814999999755
5.083338999999796
5.088195999999698
5.089187999999922
5.091662000000042
5.093705000000227
5.099844000000303
5.101861999999983
5.102640000000065
5.104992000000038
5.109734000000117
5.110255000000052
5.116708000000017
5.119901999999911
5.121224999999868
5.1217790000000605
5.126221999999984
5.127330000000029
5.129188999999997
5.129294999999956
5.13097700000003
5.132520999999997
5.1338149999999985
5.136814000000072
5.137851999999839
5.139578000000256
5.139761999999791
5.140046999999981
5.140894999999773
5.145993999999973
5.146014999999807
5.147927999999865
5.148923000000195
5.148985999999979
5.151327999999921
5.151796999999988
5.152210000000196
5.152884
5.153250999999727
5.153496000000018
5.153502000000003
5.15370299999995
5.154606999999942
5.154686999999967
5.155594999999721
5.155648999999983
5.155795000000126
5.157658000000083
5.158409
5.159474999999929
5.161757000000307
5.163207000000057
5.163641999999982
5.163837000000058
5.164512000000059
5.165872000000036
5.165974000000006
5.1669990000000325
5.167021999999861
5.170221999999967
5.170654000000013
5.171900000000051
5.172980999999709
5.18275500000027
5.2066919999999755
5.230189000000337
5.2696369999999995
5.298445000000356
5.313323999999739
5.418344000000161
5.419190999999955
5.427218999999923
5.431997999999794
5.437640999999985
5.440033999999969
5.443448999999987
5.545448999999735
5.56245100000001
5.590845999999999
5.615480999999818
5.707458999999972
5.803989999999999
5.975702999999996
6.59686499999998
4.8599999990983633E-4,0.00062305295950155763
5.169999999452557E-4,0.00124610591900311526
5.25999999808846E-4,0.00186915887850467290
5.320000000210712E-4,0.00249221183800623053
5.570000002990128E-4,0.00311526479750778816
5.670000000463915E-4,0.00373831775700934579
5.719999999200809E-4,0.00436137071651090343
5.720000000337677E-4,0.00498442367601246106
5.999999999630745E-4,0.00560747663551401869
6.010000001879234E-4,0.00623052959501557632
6.119999999896208E-4,0.00685358255451713396
6.129999999870961E-4,0.00747663551401869159
6.169999999201536E-4,0.00809968847352024922
6.220000000212167E-4,0.00872274143302180685
6.220000000212167E-4,0.00934579439252336449
6.229999999050051E-4,0.00996884735202492212
6.279999997786945E-4,0.01059190031152647975
6.290000001172302E-4,0.01121495327102803738
6.34999999874708E-4,0.01183800623052959502
6.359999999858701E-4,0.01246105919003115265
6.379999999808206E-4,0.01308411214953271028
6.399999997483974E-4,0.01370716510903426791
6.399999999757711E-4,0.01433021806853582555
6.510000000048421E-4,0.01495327102803738318
6.609999999227512E-4,0.01557632398753894081
6.739999998899293E-4,0.01619937694704049844
6.760000001122535E-4,0.01682242990654205607
6.769999999960419E-4,0.01744548286604361371
6.79000000218366E-4,0.01806853582554517134
6.829999999808933E-4,0.01869158878504672897
7.000000000516593E-4,0.01931464174454828660
7.769999999709398E-4,0.01993769470404984424
7.840000000669534E-4,0.02056074766355140187
8.049999999002466E-4,0.02118380062305295950
8.599999999887586E-4,0.02180685358255451713
0.0014199999999391366,0.02242990654205607477
0.0019149999999967804,0.02305295950155763240
0.0023389999998926214,0.02367601246105919003
0.003517999999985477,0.02429906542056074766
0.003922999999758758,0.02492211838006230530
0.004073999999945954,0.02554517133956386293
0.004554000000098313,0.02616822429906542056
0.004817999999886524,0.02679127725856697819
0.005142999999861786,0.02741433021806853583
0.006268999999974767,0.02803738317757009346
0.006931999999778782,0.02866043613707165109
0.007055000000036671,0.02928348909657320872
0.0074890000000777945,0.02990654205607476636
0.0077289999999266,0.03052959501557632399
0.00786100000004808,0.03115264797507788162
0.009015999999974156,0.03177570093457943925
0.00920799999994415,0.03239875389408099688
0.009524000000055821,0.03302180685358255452
0.009706000000051063,0.03364485981308411215
0.010224999999991269,0.03426791277258566978
0.01044000000001688,0.03489096573208722741
0.010484000000019478,0.03551401869158878505
0.01067300000022442,0.03613707165109034268
0.011066000000027998,0.03676012461059190031
0.011741999999912878,0.03738317757009345794
0.01226600000018152,0.03800623052959501558
0.012314000000060332,0.03862928348909657321
0.012673000000177126,0.03925233644859813084
0.013127000000167754,0.03987538940809968847
0.014347000000043408,0.04049844236760124611
0.014623000000028696,0.04112149532710280374
0.014927000000170665,0.04174454828660436137
0.015044000000216329,0.04236760124610591900
0.015383999999812659,0.04299065420560747664
0.016841999999996915,0.04361370716510903427
0.017265999999835913,0.04423676012461059190
0.017720000000053915,0.04485981308411214953
0.017994999999984884,0.04548286604361370717
0.018586000000141212,0.04610591900311526480
0.01901900000001433,0.04672897196261682243
0.019283999999970547,0.04735202492211838006
0.021110000000135187,0.04797507788161993769
0.021241000000031818,0.04859813084112149533
0.021815999999944324,0.04922118380062305296
0.022478999999975713,0.04984423676012461059
0.022544000000038977,0.05046728971962616822
0.02290500000026441,0.05109034267912772586
0.023110999999971682,0.05171339563862928349
0.024385000000165746,0.05233644859813084112
0.02488100000027771,0.05295950155763239875
0.026335000000017317,0.05358255451713395639
0.026953000000048633,0.05420560747663551402
0.027000000000043656,0.05482866043613707165
0.027559000000110245,0.05545171339563862928
0.027616999999736436,0.05607476635514018692
0.028166000000055647,0.05669781931464174455
0.029276000000209024,0.05732087227414330218
0.029569000000037704,0.05794392523364485981
0.02957200000003013,0.05856697819314641745
0.029629000000113592,0.05919003115264797508
0.0298280000001796,0.05981308411214953271
0.02983700000004319,0.06043613707165109034
0.029999999999972715,0.06105919003115264798
0.030533999999988737,0.06168224299065420561
0.030780999999933556,0.06230529595015576324
0.03203700000005938,0.06292834890965732087
0.032153999999991356,0.06355140186915887850
0.03262200000017401,0.06417445482866043614
0.033175000000028376,0.06479750778816199377
0.03347600000000739,0.06542056074766355140
0.034088000000110696,0.06604361370716510903
0.03444000000035885,0.06666666666666666667
0.03466099999968719,0.06728971962616822430
0.03500700000017787,0.06791277258566978193
0.0361470000002555,0.06853582554517133956
0.036648999999670195,0.06915887850467289720
0.03676599999994323,0.06978193146417445483
0.037282999999661115,0.07040498442367601246
0.03734800000006544,0.07102803738317757009
0.03745400000025256,0.07165109034267912773
0.037653999999974985,0.07227414330218068536
0.03785999999990963,0.07289719626168224299
0.04009299999995619,0.07352024922118380062
0.040586000000018885,0.07414330218068535826
0.04069699999990917,0.07476635514018691589
0.04078800000024785,0.07538940809968847352
0.04092499999978827,0.07601246105919003115
0.04126900000005662,0.07663551401869158879
0.04239099999995233,0.07725856697819314642
0.04296199999998862,0.07788161993769470405
0.043224000000009255,0.07850467289719626168
0.0434850000001461,0.07912772585669781931
0.04527399999960835,0.07975077881619937695
0.04688799999985349,0.08037383177570093458
0.04761800000005678,0.08099688473520249221
0.047783999999865046,0.08161993769470404984
0.04841599999963364,0.08224299065420560748
0.048597999999856256,0.08286604361370716511
0.049016999999821564,0.08348909657320872274
0.049130000000332075,0.08411214953271028037
0.049372999999832246,0.08473520249221183801
0.05030300000044008,0.08535825545171339564
0.0508150000000569,0.08598130841121495327
0.050983999999971275,0.08660436137071651090
0.05157599999984086,0.08722741433021806854
0.05187999999998283,0.08785046728971962617
0.054928000000018073,0.08847352024922118380
0.05542800000011994,0.08909657320872274143
0.05560399999990295,0.08971962616822429907
0.05573499999991327,0.09034267912772585670
0.05625099999997474,0.09096573208722741433
0.05670299999974304,0.09158878504672897196
0.05674199999998564,0.09221183800623052960
0.05689899999970294,0.09283489096573208723
0.05852199999981167,0.09345794392523364486
0.0585439999999835,0.09408099688473520249
0.0591100000001461,0.09470404984423676012
0.06063200000016877,0.09532710280373831776
0.062094999999999345,0.09595015576323987539
0.06255099999998492,0.09657320872274143302
0.06289000000015221,0.09719626168224299065
0.06487000000015541,0.09781931464174454829
0.06553399999984322,0.09844236760124610592
0.0658450000000812,0.09906542056074766355
0.06622100000004139,0.09968847352024922118
0.06696899999997186,0.10031152647975077882
0.06786600000009457,0.10093457943925233645
0.06987200000003213,0.10155763239875389408
0.07023499999991145,0.10218068535825545171
0.07029099999999744,0.10280373831775700935
0.071418999999878,0.10342679127725856698
0.07146399999999176,0.10404984423676012461
0.07204200000023775,0.10467289719626168224
0.07217999999988933,0.10529595015576323988
0.07562999999981912,0.10591900311526479751
0.07590699999991557,0.10654205607476635514
0.07649500000025,0.10716510903426791277
0.0780760000002374,0.10778816199376947040
0.07852500000035434,0.10841121495327102804
0.07879499999990003,0.10903426791277258567
0.07904300000018338,0.10965732087227414330
0.07922000000007756,0.11028037383177570093
0.07945999999992637,0.11090342679127725857
0.0806999999999789,0.11152647975077881620
0.08105300000011084,0.11214953271028037383
0.08112199999982295,0.11277258566978193146
0.0815499999999929,0.11339563862928348910
0.0816859999999906,0.11401869158878504673
0.08170699999982389,0.11464174454828660436
0.08270700000002762,0.11526479750778816199
0.08307199999990189,0.11588785046728971963
0.08323999999993248,0.11651090342679127726
0.0833479999996598,0.11713395638629283489
0.08370099999979175,0.11775700934579439252
0.08383500000002186,0.11838006230529595016
0.08434599999998227,0.11900311526479750779
0.08541100000002189,0.11962616822429906542
0.08568900000000212,0.12024922118380062305
0.08674999999993815,0.12087227414330218069
0.08675400000015543,0.12149532710280373832
0.08799999999996544,0.12211838006230529595
0.08824600000025384,0.12274143302180685358
0.0886120000000119,0.12336448598130841121
0.09097800000006373,0.12398753894080996885
0.09121000000004642,0.12461059190031152648
0.09132900000031441,0.12523364485981308411
0.09158100000013292,0.12585669781931464174
0.0917699999999968,0.12647975077881619938
0.09199999999987085,0.12710280373831775701
0.09210699999994176,0.12772585669781931464
0.09239200000001802,0.12834890965732087227
0.09279399999999782,0.12897196261682242991
0.09288300000002891,0.12959501557632398754
0.09311799999977666,0.13021806853582554517
0.09448900000006688,0.13084112149532710280
0.09487600000011298,0.13146417445482866044
0.09539799999993193,0.13208722741433021807
0.09553600000026563,0.13271028037383177570
0.09587299999998322,0.13333333333333333333
0.09616800000003423,0.13395638629283489097
0.09641399999964051,0.13457943925233644860
0.097758999999769,0.13520249221183800623
0.09882399999992231,0.13582554517133956386
0.09891799999991235,0.13644859813084112150
0.10053699999980381,0.13707165109034267913
0.1008640000000014,0.13769470404984423676
0.10118299999999181,0.13831775700934579439
0.10141300000032061,0.13894080996884735202
0.10168900000007852,0.13956386292834890966
0.10344200000008641,0.14018691588785046729
0.10365999999976339,0.14080996884735202492
0.10379100000000108,0.14143302180685358255
0.10410599999977421,0.14205607476635514019
0.10449100000005274,0.14267912772585669782
0.10506600000007893,0.14330218068535825545
0.10540499999979147,0.14392523364485981308
0.10577699999998913,0.14454828660436137072
0.10608700000000226,0.14517133956386292835
0.10619599999995444,0.14579439252336448598
0.10692000000017288,0.14641744548286604361
0.10711800000012772,0.14704049844236760125
0.10761900000011337,0.14766355140186915888
0.10777299999995194,0.14828660436137071651
0.1081970000000183,0.14890965732087227414
0.1086129999998775,0.14953271028037383178
0.1088940000004186,0.15015576323987538941
0.1089240000000018,0.15077881619937694704
0.10920200000009572,0.15140186915887850467
0.10960199999999531,0.15202492211838006231
0.11050199999999677,0.15264797507788161994
0.11069900000006783,0.15327102803738317757
0.11103200000025026,0.15389408099688473520
0.1115469999999732,0.15451713395638629283
0.11557900000002519,0.15514018691588785047
0.11611200000015742,0.15576323987538940810
0.11746900000002825,0.15638629283489096573
0.11760600000002341,0.15700934579439252336
0.11783299999979135,0.15763239875389408100
0.11792400000013004,0.15825545171339563863
0.11833300000034797,0.15887850467289719626
0.11976400000003196,0.15950155763239875389
0.12033000000002403,0.16012461059190031153
0.12160700000003999,0.16074766355140186916
0.12185100000033344,0.16137071651090342679
0.1227489999998852,0.16199376947040498442
0.12281999999959226,0.16261682242990654206
0.12349999999992178,0.16323987538940809969
0.12403300000005402,0.16386292834890965732
0.12405499999999847,0.16448598130841121495
0.12409300000001622,0.16510903426791277259
0.12427099999990787,0.16573208722741433022
0.1245289999999386,0.16635514018691588785
0.12486499999999978,0.16697819314641744548
0.12486500000022716,0.16760124610591900312
0.1248860000000036,0.16822429906542056075
0.12560300000018287,0.16884735202492211838
0.12635900000009315,0.16947040498442367601
0.12660300000015923,0.17009345794392523364
0.12676699999997254,0.17071651090342679128
0.12676700000019991,0.17133956386292834891
0.12715400000001864,0.17196261682242990654
0.12729000000013002,0.17258566978193146417
0.12798100000009072,0.17320872274143302181
0.12811099999998987,0.17383177570093457944
0.12848600000006627,0.17445482866043613707
0.12966199999982564,0.17507788161993769470
0.12987900000007357,0.17570093457943925234
0.12999200000012934,0.17632398753894080997
0.13112099999989368,0.17694704049844236760
0.1311369999998533,0.17757009345794392523
0.1323090000000775,0.17819314641744548287
0.13234200000033525,0.17881619937694704050
0.13251500000001215,0.17943925233644859813
0.13262299999996685,0.18006230529595015576
0.13423699999998462,0.18068535825545171340
0.13480200000003606,0.18130841121495327103
0.13533600000027945,0.18193146417445482866
0.1360380000000987,0.18255451713395638629
0.13606499999991684,0.18317757009345794393
0.13641900000015994,0.18380062305295950156
0.13665600000001632,0.18442367601246105919
0.13724199999978737,0.18504672897196261682
0.13730400000008558,0.18566978193146417445
0.13919199999998,0.18629283489096573209
0.1413279999999304,0.18691588785046728972
0.14141499999959706,0.18753894080996884735
0.14200900000003003,0.18816199376947040498
0.14218000000005304,0.18878504672897196262
0.14253999999982625,0.18940809968847352025
0.14268300000003364,0.19003115264797507788
0.1427009999999882,0.19065420560747663551
0.1432800000000043,0.19127725856697819315
0.14409499999965192,0.19190031152647975078
0.1444810000000416,0.19252336448598130841
0.14477499999998145,0.19314641744548286604
0.14499799999998686,0.19376947040498442368
0.1452819999999999,0.19439252336448598131
0.1455540000001747,0.19501557632398753894
0.1459580000000642,0.19563862928348909657
0.14610300000003917,0.19626168224299065421
0.14630399999987276,0.19688473520249221184
0.14715400000022782,0.19750778816199376947
0.14814199999977973,0.19813084112149532710
0.1487529999999424,0.19875389408099688474
0.14901799999995546,0.19937694704049844237
0.14961799999991854,0.20000000000000000000
0.15018400000008114,0.20062305295950155763
0.15134299999999712,0.20124610591900311526
0.15226699999993798,0.20186915887850467290
0.15275000000002592,0.20249221183800623053
0.1539029999999002,0.20311526479750778816
0.15394900000001144,0.20373831775700934579
0.15498899999965943,0.20436137071651090343
0.15517799999997806,0.20498442367601246106
0.15525499999989734,0.20560747663551401869
0.15528300000005402,0.20623052959501557632
0.15576400000009016,0.20685358255451713396
0.15601500000002488,0.20747663551401869159
0.15601599999990867,0.20809968847352024922
0.1560660000000098,0.20872274143302180685
0.1566400000001522,0.20934579439252336449
0.15909800000000018,0.20996884735202492212
0.15951799999993455,0.21059190031152647975
0.1606259999998656,0.21121495327102803738
0.16110100000014427,0.21183800623052959502
0.16158400000006168,0.21246105919003115265
0.16160200000012992,0.21308411214953271028
0.16225399999984802,0.21370716510903426791
0.1624750000000006,0.21433021806853582555
0.1641239999999975,0.21495327102803738318
0.16479800000024625,0.21557632398753894081
0.16539099999999962,0.21619937694704049844
0.16681900000003225,0.21682242990654205607
0.16806099999985236,0.21744548286604361371
0.16820999999981723,0.21806853582554517134
0.16829599999982747,0.21869158878504672897
0.16841999999996915,0.21931464174454828660
0.1693800000000465,0.21993769470404984424
0.1701029999999264,0.22056074766355140187
0.17024099999980535,0.22118380062305295950
0.17052000000012413,0.22180685358255451713
0.17245700000000852,0.22242990654205607477
0.1728040000002693,0.22305295950155763240
0.17294700000002194,0.22367601246105919003
0.1739829999999074,0.22429906542056074766
0.174478999999792,0.22492211838006230530
0.17628300000001218,0.22554517133956386293
0.17633200000000215,0.22616822429906542056
0.17735399999992296,0.22679127725856697819
0.1779070000000047,0.22741433021806853583
0.1788139999998748,0.22803738317757009346
0.17888899999979913,0.22866043613707165109
0.1801669999999831,0.22928348909657320872
0.18021299999986695,0.22990654205607476636
0.18024300000001858,0.23052959501557632399
0.18128299999989395,0.23115264797507788162
0.18225699999993594,0.23177570093457943925
0.18344400000023597,0.23239875389408099688
0.18353299999989758,0.23302180685358255452
0.18372899999997117,0.23364485981308411215
0.18423200000006545,0.23426791277258566978
0.18442399999999282,0.23489096573208722741
0.18490999999994528,0.23551401869158878505
0.18560200000001714,0.23613707165109034268
0.18561399999998685,0.23676012461059190031
0.18594600000005812,0.23738317757009345794
0.18706199999996898,0.23800623052959501558
0.19110399999999572,0.23862928348909657321
0.19152800000028947,0.23925233644859813084
0.19182099999989077,0.23987538940809968847
0.19190900000000966,0.24049844236760124611
0.1920029999999997,0.24112149532710280374
0.19214400000009846,0.24174454828660436137
0.19471400000003314,0.24236760124610591900
0.19527999999991152,0.24299065420560747664
0.1971849999999904,0.24361370716510903427
0.19844899999998233,0.24423676012461059190
0.1993089999999711,0.24485981308411214953
0.1999270000000024,0.24548286604361370717
0.2007010000002083,0.24610591900311526480
0.20147599999999954,0.24672897196261682243
0.20189799999980096,0.24735202492211838006
0.2025639999997111,0.24797507788161993769
0.20263599999998405,0.24859813084112149533
0.20326900000009118,0.24922118380062305296
0.20396399999999915,0.24984423676012461059
0.20400699999999006,0.25046728971962616822
0.20436599999993632,0.25109034267912772586
0.2047059999999874,0.25171339563862928349
0.2050930000000335,0.25233644859813084112
0.2069050000000061,0.25295950155763239875
0.2072729999999865,0.25358255451713395639
0.20790299999998751,0.25420560747663551402
0.20836099999996804,0.25482866043613707165
0.2090979999998126,0.25545171339563862928
0.20995099999999667,0.25607476635514018692
0.21037599999999657,0.25669781931464174455
0.210685999999896,0.25732087227414330218
0.21084600000017417,0.25794392523364485981
0.21137300000009418,0.25856697819314641745
0.21225099999998065,0.25919003115264797508
0.21236599999974715,0.25981308411214953271
0.2129929999999831,0.26043613707165109034
0.21310000000005402,0.26105919003115264798
0.21554600000001756,0.26168224299065420561
0.21574799999962124,0.26230529595015576324
0.21721900000011374,0.26292834890965732087
0.21758200000022043,0.26355140186915887850
0.21961099999998623,0.26417445482866043614
0.22010799999998198,0.26479750778816199377
0.22046799999998257,0.26542056074766355140
0.2206930000002103,0.26604361370716510903
0.22153300000002218,0.26666666666666666667
0.2217689999997674,0.26728971962616822430
0.2218860000002678,0.26791277258566978193
0.2232610000000932,0.26853582554517133956
0.2233699999997043,0.26915887850467289720
0.22364600000003065,0.26978193146417445483
0.22426399999994828,0.27040498442367601246
0.2244660000001204,0.27102803738317757009
0.22616500000003725,0.27165109034267912773
0.2275030000000129,0.27227414330218068536
0.2278230000001713,0.27289719626168224299
0.22885300000007192,0.27352024922118380062
0.2290699999999788,0.27414330218068535826
0.23012900000003356,0.27476635514018691589
0.23099200000001474,0.27538940809968847352
0.2310139999999592,0.27601246105919003115
0.2314259999998285,0.27663551401869158879
0.23230100000000675,0.27725856697819314642
0.2334410000000844,0.27788161993769470405
0.23365000000001146,0.27850467289719626168
0.23391300000002957,0.27912772585669781931
0.23547199999984514,0.27975077881619937695
0.23601499999995212,0.28037383177570093458
0.2366620000000239,0.28099688473520249221
0.23689500000000407,0.28161993769470404984
0.23766299999988405,0.28224299065420560748
0.23956900000007408,0.28286604361370716511
0.23977899999999863,0.28348909657320872274
0.23980800000026647,0.28411214953271028037
0.24093300000004092,0.28473520249221183801
0.24279999999998836,0.28535825545171339564
0.24280499999986205,0.28598130841121495327
0.2431189999997514,0.28660436137071651090
0.2445039999997789,0.28722741433021806854
0.24476700000002438,0.28785046728971962617
0.24559399999998277,0.28847352024922118380
0.2456609999999273,0.28909657320872274143
0.24637799999982235,0.28971962616822429907
0.24650500000007014,0.29034267912772585670
0.2470260000000053,0.29096573208722741433
0.24746999999999986,0.29158878504672897196
0.24830999999994674,0.29221183800623052960
0.24934699999994336,0.29283489096573208723
0.24946899999986272,0.29345794392523364486
0.24955199999999422,0.29408099688473520249
0.2505989999999656,0.29470404984423676012
0.2510620000000472,0.29532710280373831776
0.2522400000000289,0.29595015576323987539
0.2529660000000149,0.29657320872274143302
0.25314300000002277,0.29719626168224299065
0.25380299999983436,0.29781931464174454829
0.254434999999944,0.29844236760124610592
0.2545959999997649,0.29906542056074766355
0.2580239999999776,0.29968847352024922118
0.25875600000017585,0.30031152647975077882
0.25876000000016575,0.30093457943925233645
0.2589229999999816,0.30155763239875389408
0.2596840000001066,0.30218068535825545171
0.26055399999995643,0.30280373831775700935
0.26106499999991684,0.30342679127725856698
0.262126999999964,0.30404984423676012461
0.2626020000000153,0.30467289719626168224
0.262773000000152,0.30529595015576323988
0.2628260000001319,0.30591900311526479751
0.2644749999999476,0.30654205607476635514
0.26452900000003865,0.30716510903426791277
0.2649229999999534,0.30778816199376947040
0.26509400000031746,0.30841121495327102804
0.2652400000001762,0.30903426791277258567
0.26609099999996033,0.30965732087227414330
0.2661709999999857,0.31028037383177570093
0.2662729999999556,0.31090342679127725857
0.2667630000000827,0.31152647975077881620
0.2670330000000014,0.31214953271028037383
0.2674689999998918,0.31277258566978193146
0.26809800000000905,0.31339563862928348910
0.2688199999997778,0.31401869158878504673
0.2690690000001723,0.31464174454828660436
0.2692429999999604,0.31526479750778816199
0.26965999999993073,0.31588785046728971963
0.26968699999997625,0.31651090342679127726
0.27066599999989194,0.31713395638629283489
0.2716130000001158,0.31775700934579439252
0.2727399999998852,0.31838006230529595016
0.273352000000159,0.31900311526479750779
0.2742560000001504,0.31962616822429906542
0.27426799999966534,0.32024922118380062305
0.2745429999999942,0.32087227414330218069
0.2756939999999304,0.32149532710280373832
0.27643799999987095,0.32211838006230529595
0.2767390000000205,0.32274143302180685358
0.2780800000000454,0.32336448598130841121
0.280116999999791,0.32398753894080996885
0.2810000000000059,0.32461059190031152648
0.2822050000000047,0.32523364485981308411
0.28331800000023577,0.32585669781931464174
0.2838880000000472,0.32647975077881619938
0.284987000000001,0.32710280373831775701
0.2852179999999862,0.32772585669781931464
0.28573499999993146,0.32834890965732087227
0.2866349999999329,0.32897196261682242991
0.2897240000002057,0.32959501557632398754
0.29120499999999083,0.33021806853582554517
0.29611800000020594,0.33084112149532710280
0.2980649999999514,0.33146417445482866044
0.2982719999999972,0.33208722741433021807
0.2996259999999893,0.33271028037383177570
0.30081399999994574,0.33333333333333333333
0.30775999999968917,0.33395638629283489097
0.3078209999998762,0.33457943925233644860
0.30976100000000883,0.33520249221183800623
0.31009499999981927,0.33582554517133956386
0.31057400000008784,0.33644859813084112150
0.31131299999992734,0.33707165109034267913
0.31161199999996825,0.33769470404984423676
0.3162729999999101,0.33831775700934579439
0.31832299999999236,0.33894080996884735202
0.3229910000000018,0.33956386292834890966
0.3235179999999218,0.34018691588785046729
0.3253899999999703,0.34080996884735202492
0.3269829999999274,0.34143302180685358255
0.3281200000001263,0.34205607476635514019
0.32848699999976816,0.34267912772585669782
0.3303759999998874,0.34330218068535825545
0.3332120000000032,0.34392523364485981308
0.33329600000024584,0.34454828660436137072
0.33390399999984766,0.34517133956386292835
0.3342600000000857,0.34579439252336448598
0.334536000000071,0.34641744548286604361
0.3347710000000461,0.34704049844236760125
0.3356340000000273,0.34766355140186915888
0.33863800000017363,0.34828660436137071651
0.34373100000004797,0.34890965732087227414
0.3457059999999501,0.34953271028037383178
0.34666899999999146,0.35015576323987538941
0.34825999999975465,0.35077881619937694704
0.3488190000000486,0.35140186915887850467
0.35009100000002036,0.35202492211838006231
0.3513229999998657,0.35264797507788161994
0.3526440000000548,0.35327102803738317757
0.3528999999999769,0.35389408099688473520
0.356036000000131,0.35451713395638629283
0.35681499999998323,0.35514018691588785047
0.35711600000013277,0.35576323987538940810
0.35855099999992035,0.35638629283489096573
0.35954800000001796,0.35700934579439252336
0.36073100000001546,0.35763239875389408100
0.36262299999998504,0.35825545171339563863
0.3631340000001728,0.35887850467289719626
0.366121000000021,0.35950155763239875389
0.3718210000001818,0.36012461059190031153
0.37208499999997,0.36074766355140186916
0.37212200000021767,0.36137071651090342679
0.37481899999988855,0.36199376947040498442
0.3753630000001067,0.36261682242990654206
0.37538599999970756,0.36323987538940809969
0.3764600000000087,0.36386292834890965732
0.3798760000004222,0.36448598130841121495
0.379997000000003,0.36510903426791277259
0.38136500000007345,0.36573208722741433022
0.38185,0.36635514018691588785
0.38247499999999945,0.36697819314641744548
0.3826559999999972,0.36760124610591900312
0.3860429999999724,0.36822429906542056075
0.38637500000004366,0.36884735202492211838
0.3867659999996249,0.36947040498442367601
0.3888249999999971,0.37009345794392523364
0.3909650000000511,0.37071651090342679128
0.39154400000006717,0.37133956386292834891
0.392757999999958,0.37196261682242990654
0.39362500000004275,0.37258566978193146417
0.39538400000014917,0.37320872274143302181
0.39810099999999693,0.37383177570093457944
0.3996060000000625,0.37445482866043613707
0.3997519999998076,0.37507788161993769470
0.40173200000026554,0.37570093457943925234
0.4028099999999313,0.37632398753894080997
0.4029289999999719,0.37694704049844236760
0.4047729999999774,0.37757009345794392523
0.40506799999997156,0.37819314641744548287
0.4056789999999637,0.37881619937694704050
0.4067779999998038,0.37943925233644859813
0.4081910000000164,0.38006230529595015576
0.40878300000008494,0.38068535825545171340
0.4112439999998969,0.38130841121495327103
0.4129929999999149,0.38193146417445482866
0.4135909999999967,0.38255451713395638629
0.41447900000002846,0.38317757009345794393
0.41521499999998923,0.38380062305295950156
0.4166859999997996,0.38442367601246105919
0.41882699999996476,0.38504672897196261682
0.4281379999999899,0.38566978193146417445
0.4316799999999148,0.38629283489096573209
0.43177799999989475,0.38691588785046728972
0.43208000000004176,0.38753894080996884735
0.43249500000001717,0.38816199376947040498
0.4332720000002155,0.38878504672897196262
0.43444199999999,0.38940809968847352025
0.43484600000010687,0.39003115264797507788
0.43567300000017894,0.39065420560747663551
0.43819200000007186,0.39127725856697819315
0.4404349999999795,0.39190031152647975078
0.4465330000000449,0.39252336448598130841
0.4469909999997981,0.39314641744548286604
0.4471960000000763,0.39376947040498442368
0.4473690000000019,0.39439252336448598131
0.4474760000000515,0.39501557632398753894
0.4514050000000225,0.39563862928348909657
0.45144900000013877,0.39626168224299065421
0.45515000000023065,0.39688473520249221184
0.45914300000004005,0.39750778816199376947
0.4596970000000056,0.39813084112149532710
0.4624340000000302,0.39875389408099688474
0.4628099999999904,0.39937694704049844237
0.46363399999995636,0.40000000000000000000
0.46395599999999604,0.40062305295950155763
0.4640229999999974,0.40124610591900311526
0.4660790000000361,0.40186915887850467290
0.4695240000000922,0.40249221183800623053
0.4725479999997333,0.40311526479750778816
0.4735439999999471,0.40373831775700934579
0.47360299999991184,0.40436137071651090343
0.47645600000032573,0.40498442367601246106
0.47777799999994386,0.40560747663551401869
0.4789850000000797,0.40623052959501557632
0.4794090000000324,0.40685358255451713396
0.4809649999999692,0.40747663551401869159
0.48149300000022777,0.40809968847352024922
0.4818209999999681,0.40872274143302180685
0.482618999999886,0.40934579439252336449
0.48460000000022774,0.40996884735202492212
0.48527500000000146,0.41059190031152647975
0.48646999999982654,0.41121495327102803738
0.48897900000008576,0.41183800623052959502
0.4926659999999856,0.41246105919003115265
0.4964909999998781,0.41308411214953271028
0.4998230000001058,0.41370716510903426791
0.5107389999998304,0.41433021806853582555
0.5130580000000009,0.41495327102803738318
0.5147580000000289,0.41557632398753894081
0.5151789999999892,0.41619937694704049844
0.5163080000002083,0.41682242990654205607
0.5169529999998304,0.41744548286604361371
0.5219119999999293,0.41806853582554517134
0.5230249999999614,0.41869158878504672897
0.5259809999997742,0.41931464174454828660
0.5268149999997149,0.41993769470404984424
0.5268710000000283,0.42056074766355140187
0.5280779999998231,0.42118380062305295950
0.5291110000000003,0.42180685358255451713
0.5350210000001425,0.42242990654205607477
0.5366440000000239,0.42305295950155763240
0.5393400000002657,0.42367601246105919003
0.5426680000000488,0.42429906542056074766
0.5433259999999791,0.42492211838006230530
0.5435420000003433,0.42554517133956386293
0.5439910000000054,0.42616822429906542056
0.5449140000000625,0.42679127725856697819
0.5455360000000837,0.42741433021806853583
0.5462659999998323,0.42803738317757009346
0.5472950000003038,0.42866043613707165109
0.5480489999999918,0.42928348909657320872
0.5483319999998457,0.42990654205607476636
0.5523339999999735,0.43052959501557632399
0.5548440000002302,0.43115264797507788162
0.555926999999997,0.43177570093457943925
0.5567650000000413,0.43239875389408099688
0.5604209999999057,0.43302180685358255452
0.5605799999998453,0.43364485981308411215
0.5672569999996995,0.43426791277258566978
0.5673480000000097,0.43489096573208722741
0.5698790000001281,0.43551401869158878505
0.5727640000000065,0.43613707165109034268
0.5749660000001313,0.43676012461059190031
0.5767999999999915,0.43738317757009345794
0.5771119999999428,0.43800623052959501558
0.5799770000003264,0.43862928348909657321
0.5847009999999955,0.43925233644859813084
0.5855939999999009,0.43987538940809968847
0.5867139999998017,0.44049844236760124611
0.5958780000000843,0.44112149532710280374
0.6008510000000342,0.44174454828660436137
0.6057069999999385,0.44236760124610591900
0.6134560000000135,0.44299065420560747664
0.6148100000000056,0.44361370716510903427
0.6161399999998594,0.44423676012461059190
0.6185500000000275,0.44485981308411214953
0.6207919999999376,0.44548286604361370717
0.6211140000000341,0.44610591900311526480
0.6220279999997729,0.44672897196261682243
0.6233190000002651,0.44735202492211838006
0.6269589999999425,0.44797507788161993769
0.6332740000002559,0.44859813084112149533
0.6374570000002677,0.44922118380062305296
0.638499000000138,0.44984423676012461059
0.6438749999997526,0.45046728971962616822
0.6465309999998681,0.45109034267912772586
0.6542669999998907,0.45171339563862928349
0.6581850000000031,0.45233644859813084112
0.6589089999999942,0.45295950155763239875
0.6605850000000828,0.45358255451713395639
0.6662029999999959,0.45420560747663551402
0.6685419999998885,0.45482866043613707165
0.6738330000000587,0.45545171339563862928
0.6738809999999944,0.45607476635514018692
0.6740859999999884,0.45669781931464174455
0.6834369999999126,0.45732087227414330218
0.6902880000000096,0.45794392523364485981
0.6914970000000267,0.45856697819314641745
0.7017139999998108,0.45919003115264797508
0.7036709999999857,0.45981308411214953271
0.7052320000000236,0.46043613707165109034
0.7070830000000115,0.46105919003115264798
0.7087970000000041,0.46168224299065420561
0.7235170000000153,0.46230529595015576324
0.7257309999999961,0.46292834890965732087
0.7259409999999207,0.46355140186915887850
0.7325620000001436,0.46417445482866043614
0.7347140000001673,0.46479750778816199377
0.7410919999999805,0.46542056074766355140
0.7476830000000518,0.46604361370716510903
0.7489689999999882,0.46666666666666666667
0.757863000000043,0.46728971962616822430
0.7580299999999625,0.46791277258566978193
0.7581299999999374,0.46853582554517133956
0.7645840000000135,0.46915887850467289720
0.7690000000002328,0.46978193146417445483
0.7700839999999971,0.47040498442367601246
0.7704900000001089,0.47102803738317757009
0.7739320000000589,0.47165109034267912773
0.7785679999997228,0.47227414330218068536
0.7930590000000848,0.47289719626168224299
0.7945129999998244,0.47352024922118380062
0.8042300000001887,0.47414330218068535826
0.8058740000001308,0.47476635514018691589
0.806822000000011,0.47538940809968847352
0.8117059999999867,0.47601246105919003115
0.8130459999999857,0.47663551401869158879
0.8193889999997737,0.47725856697819314642
0.8231180000000222,0.47788161993769470405
0.8305039999999053,0.47850467289719626168
0.8397370000000137,0.47912772585669781931
0.843735999999808,0.47975077881619937695
0.8494510000000446,0.48037383177570093458
0.8535019999999349,0.48099688473520249221
0.8563740000000166,0.48161993769470404984
0.8566150000001471,0.48224299065420560748
0.8626949999999738,0.48286604361370716511
0.8721220000002177,0.48348909657320872274
0.8739990000003672,0.48411214953271028037
0.8856919999998354,0.48473520249221183801
0.8927659999999378,0.48535825545171339564
0.896712999999977,0.48598130841121495327
0.9064439999999934,0.48660436137071651090
0.907374000000118,0.48722741433021806854
0.908360000000016,0.48785046728971962617
0.9172480000000007,0.48847352024922118380
0.9190029999999751,0.48909657320872274143
0.9257300000000157,0.48971962616822429907
0.9265280000000757,0.49034267912772585670
0.9432280000000901,0.49096573208722741433
0.9480989999997291,0.49158878504672897196
0.9677630000001045,0.49221183800623052960
0.9860029999999824,0.49283489096573208723
0.991706000000022,0.49345794392523364486
1.0049430000000257,0.49408099688473520249
1.0051660000001448,0.49470404984423676012
1.0052190000001247,0.49532710280373831776
1.0271349999998165,0.49595015576323987539
1.0324310000000878,0.49657320872274143302
1.0386340000000018,0.49719626168224299065
1.0534819999999172,0.49781931464174454829
1.0671239999999216,0.49844236760124610592
1.0696980000000167,0.49906542056074766355
1.0759780000000774,0.49968847352024922118
1.0781779999999976,0.50031152647975077882
1.0786800000000767,0.50093457943925233645
1.0819430000001375,0.50155763239875389408
1.088997000000063,0.50218068535825545171
1.0905759999999987,0.50280373831775700935
1.095749000000069,0.50342679127725856698
1.110182999999779,0.50404984423676012461
1.1273390000000063,0.50467289719626168224
1.1330370000000016,0.50529595015576323988
1.1397970000002715,0.50591900311526479751
1.142458999999917,0.50654205607476635514
1.1459890000000996,0.50716510903426791277
1.1889400000000023,0.50778816199376947040
1.2013349999997445,0.50841121495327102804
1.2148329999999987,0.50903426791277258567
1.2214389999999185,0.50965732087227414330
1.2238389999999981,0.51028037383177570093
1.2429889999998522,0.51090342679127725857
1.2486069999999927,0.51152647975077881620
1.2525500000000065,0.51214953271028037383
1.25683099999992,0.51277258566978193146
1.2716760000002978,0.51339563862928348910
1.2755710000001272,0.51401869158878504673
1.2951140000000123,0.51464174454828660436
1.2974730000000108,0.51526479750778816199
1.2999379999999974,0.51588785046728971963
1.3011849999999754,0.51651090342679127726
1.3017580000000635,0.51713395638629283489
1.3025900000000092,0.51775700934579439252
1.3316880000000424,0.51838006230529595016
1.3499410000000012,0.51900311526479750779
1.3562789999999723,0.51962616822429906542
1.3594400000000064,0.52024922118380062305
1.3657849999999598,0.52087227414330218069
1.3880739999999605,0.52149532710280373832
1.391978000000023,0.52211838006230529595
1.3999479999997675,0.52274143302180685358
1.439947,0.52336448598130841121
1.4559050000000298,0.52398753894080996885
1.459545999999989,0.52461059190031152648
1.4681789999999637,0.52523364485981308411
1.4695730000000253,0.52585669781931464174
1.4910830000000033,0.52647975077881619938
1.5045630000000187,0.52710280373831775701
1.5091910000001008,0.52772585669781931464
1.547990000000027,0.52834890965732087227
1.5631240000000162,0.52897196261682242991
1.5689030000000912,0.52959501557632398754
1.578248000000002,0.53021806853582554517
1.5802309999999977,0.53084112149532710280
1.5822100000000319,0.53146417445482866044
1.5908740000000137,0.53208722741433021807
1.594767999999931,0.53271028037383177570
1.597148000000061,0.53333333333333333333
1.6025119999999902,0.53395638629283489097
1.616583999999989,0.53457943925233644860
1.6187759999999969,0.53520249221183800623
1.6189170000000104,0.53582554517133956386
1.6258420000000058,0.53644859813084112150
1.6270479999999985,0.53707165109034267913
1.6493359999999484,0.53769470404984423676
1.6563280000000304,0.53831775700934579439
1.673765000000003,0.53894080996884735202
1.680896999999959,0.53956386292834890966
1.6837289999998575,0.54018691588785046729
1.6979420000000118,0.54080996884735202492
1.7084150000000022,0.54143302180685358255
1.7135560000000396,0.54205607476635514019
1.7208420000000046,0.54267912772585669782
1.7278420000000096,0.54330218068535825545
1.74206600000025,0.54392523364485981308
1.7432929999999942,0.54454828660436137072
1.749258999999995,0.54517133956386292835
1.7590119999999843,0.54579439252336448598
1.8458200000000033,0.54641744548286604361
1.8877470000002177,0.54704049844236760125
1.8889429999999265,0.54766355140186915888
1.9101570000000265,0.54828660436137071651
1.9732289999999466,0.54890965732087227414
1.9932939999999917,0.54953271028037383178
1.9972989999998845,0.55015576323987538941
2.025673999999981,0.55077881619937694704
2.052048999999897,0.55140186915887850467
2.0771199999999226,0.55202492211838006231
2.0816469999999754,0.55264797507788161994
2.0959490000000187,0.55327102803738317757
2.101007000000095,0.55389408099688473520
2.1224099999999453,0.55451713395638629283
2.1519530000000486,0.55514018691588785047
2.2340300000000752,0.55576323987538940810
2.2594890000000305,0.55638629283489096573
2.2603050000000025,0.55700934579439252336
2.366757000000007,0.55763239875389408100
2.4003130000000965,0.55825545171339563863
2.4003569999999854,0.55887850467289719626
2.4082449999999938,0.55950155763239875389
2.419826999999941,0.56012461059190031153
2.4616540000001805,0.56074766355140186916
2.498490000000004,0.56137071651090342679
2.5329529999999068,0.56199376947040498442
2.5356660000002194,0.56261682242990654206
2.548424000000068,0.56323987538940809969
2.5669639999999987,0.56386292834890965732
2.595905000000016,0.56448598130841121495
2.6621150000000853,0.56510903426791277259
2.6687169999999867,0.56573208722741433022
2.7034949999999753,0.56635514018691588785
2.7557250000000124,0.56697819314641744548
2.7657580000000053,0.56760124610591900312
2.7978669999999966,0.56822429906542056075
2.807555000000093,0.56884735202492211838
2.8518980000003467,0.56947040498442367601
2.860633000000007,0.57009345794392523364
2.865761000000006,0.57071651090342679128
2.866379000000009,0.57133956386292834891
2.8714370000000002,0.57196261682242990654
2.9112519999999904,0.57258566978193146417
2.922949000000017,0.57320872274143302181
2.9313629999999193,0.57383177570093457944
3.007987999999841,0.57445482866043613707
3.050969000000009,0.57507788161993769470
3.066048000000137,0.57570093457943925234
3.078119000000015,0.57632398753894080997
3.091833000000179,0.57694704049844236760
3.1305419999998776,0.57757009345794392523
3.139745000000005,0.57819314641744548287
3.1444999999999936,0.57881619937694704050
3.1485459999998966,0.57943925233644859813
3.1494299999999384,0.58006230529595015576
3.185937000000024,0.58068535825545171340
3.1876969999999574,0.58130841121495327103
3.217130999999995,0.58193146417445482866
3.2425610000000233,0.58255451713395638629
3.2483959999999996,0.58317757009345794393
3.262917000000016,0.58380062305295950156
3.308872000000008,0.58442367601246105919
3.314198000000033,0.58504672897196261682
3.336447999999791,0.58566978193146417445
3.386799999999994,0.58629283489096573209
3.4069709999999986,0.58691588785046728972
3.417411999999999,0.58753894080996884735
3.4328560000000152,0.58816199376947040498
3.4400079999999775,0.58878504672897196262
3.441092000000026,0.58940809968847352025
3.4412960000000794,0.59003115264797507788
3.441575000000057,0.59065420560747663551
3.4422270000000026,0.59127725856697819315
3.4426260000000184,0.59190031152647975078
3.443256999999903,0.59252336448598130841
3.445175000000006,0.59314641744548286604
3.446553999999992,0.59376947040498442368
3.449844999999982,0.59439252336448598131
3.4499409999998534,0.59501557632398753894
3.4512230000000272,0.59563862928348909657
3.455489999999827,0.59626168224299065421
3.4825030000000083,0.59688473520249221184
3.503514999999993,0.59750778816199376947
3.5289909999999054,0.59813084112149532710
3.5315510000000074,0.59875389408099688474
3.5318579999999997,0.59937694704049844237
3.5390170000000296,0.60000000000000000000
3.541044999999997,0.60062305295950155763
3.549395000000004,0.60124610591900311526
3.581036000000001,0.60186915887850467290
3.59752299999991,0.60249221183800623053
3.6188609999999244,0.60311526479750778816
3.6203669999999875,0.60373831775700934579
3.635188999999997,0.60436137071651090343
3.6548679999998512,0.60498442367601246106
3.6698999999998705,0.60560747663551401869
3.6777429999999924,0.60623052959501557632
3.687828999999965,0.60685358255451713396
3.6963269999999966,0.60747663551401869159
3.698118000000022,0.60809968847352024922
3.70283900000004,0.60872274143302180685
3.70710199999985,0.60934579439252336449
3.707390000000032,0.60996884735202492212
3.7086840000001757,0.61059190031152647975
3.7142610000000786,0.61121495327102803738
3.7157430000000318,0.61183800623052959502
3.717262000000005,0.61246105919003115265
3.7183860000000095,0.61308411214953271028
3.7212630000000217,0.61370716510903426791
3.759548999999879,0.61433021806853582555
3.760563999999931,0.61495327102803738318
3.7642250000000104,0.61557632398753894081
3.7696319999999446,0.61619937694704049844
3.7891679999997905,0.61682242990654205607
3.795784000000367,0.61744548286604361371
3.7975569999999976,0.61806853582554517134
3.8027759999999944,0.61869158878504672897
3.8050680000001194,0.61931464174454828660
3.8062889999999925,0.61993769470404984424
3.8315840000000208,0.62056074766355140187
3.8333140000000014,0.62118380062305295950
3.838232000000062,0.62180685358255451713
3.9083590000000186,0.62242990654205607477
3.9254459999999654,0.62305295950155763240
3.927297000000067,0.62367601246105919003
3.936401999999987,0.62429906542056074766
3.9731830000000627,0.62492211838006230530
3.988345999999865,0.62554517133956386293
3.991469000000052,0.62616822429906542056
3.9999860000002627,0.62679127725856697819
4.002385999999888,0.62741433021806853583
4.004754000000048,0.62803738317757009346
4.006499000000076,0.62866043613707165109
4.008059999999887,0.62928348909657320872
4.008511999999996,0.62990654205607476636
4.00970899999993,0.63052959501557632399
4.012740000000122,0.63115264797507788162
4.013637000000017,0.63177570093457943925
4.01548200000002,0.63239875389408099688
4.015590000000088,0.63302180685358255452
4.026544999999942,0.63364485981308411215
4.03142600000001,0.63426791277258566978
4.0349670000000515,0.63489096573208722741
4.041441999999961,0.63551401869158878505
4.0444179999999506,0.63613707165109034268
4.045886999999993,0.63676012461059190031
4.053540999999996,0.63738317757009345794
4.065577000000005,0.63800623052959501558
4.065781000000015,0.63862928348909657321
4.072989999999891,0.63925233644859813084
4.077842000000004,0.63987538940809968847
4.08026000000018,0.64049844236760124611
4.080738999999994,0.64112149532710280374
4.086131999999992,0.64174454828660436137
4.117298000000119,0.64236760124610591900
4.1216739999999845,0.64299065420560747664
4.122822000000269,0.64361370716510903427
4.135769999999866,0.64423676012461059190
4.141941999999972,0.64485981308411214953
4.142656000000045,0.64548286604361370717
4.1448330000000055,0.64610591900311526480
4.147348999999963,0.64672897196261682243
4.155809999999974,0.64735202492211838006
4.190965000000006,0.64797507788161993769
4.191988999999921,0.64859813084112149533
4.200359999999819,0.64922118380062305296
4.206566000000066,0.64984423676012461059
4.212470000000394,0.65046728971962616822
4.217632999999751,0.65109034267912772586
4.227513999999928,0.65171339563862928349
4.228994999999941,0.65233644859813084112
4.241881999999805,0.65295950155763239875
4.241898999999989,0.65358255451713395639
4.245869999999968,0.65420560747663551402
4.246564999999919,0.65482866043613707165
4.258950000000027,0.65545171339563862928
4.262423000000126,0.65607476635514018692
4.2690959999999905,0.65669781931464174455
4.2715619999999035,0.65732087227414330218
4.273530000000392,0.65794392523364485981
4.278677000000016,0.65856697819314641745
4.281082999999967,0.65919003115264797508
4.282210000000305,0.65981308411214953271
4.282474000000093,0.66043613707165109034
4.285027999999784,0.66105919003115264798
4.2852249999999685,0.66168224299065420561
4.285719999999969,0.66230529595015576324
4.2874729999998635,0.66292834890965732087
4.288890999999921,0.66355140186915887850
4.289537999999993,0.66417445482866043614
4.289577999999892,0.66479750778816199377
4.290065000000027,0.66542056074766355140
4.292493999999806,0.66604361370716510903
4.2952040000000125,0.66666666666666666667
4.295644999999922,0.66728971962616822430
4.295741999999791,0.66791277258566978193
4.297035000000051,0.66853582554517133956
4.2977099999998245,0.66915887850467289720
4.298270999999886,0.66978193146417445483
4.302273999999898,0.67040498442367601246
4.306531999999606,0.67102803738317757009
4.312225000000012,0.67165109034267912773
4.316653999999971,0.67227414330218068536
4.318209999999908,0.67289719626168224299
4.321130000000267,0.67352024922118380062
4.322229999999763,0.67414330218068535826
4.33762999999999,0.67476635514018691589
4.3436249999999745,0.67538940809968847352
4.344120000000203,0.67601246105919003115
4.345953000000009,0.67663551401869158879
4.346574000000146,0.67725856697819314642
4.346874999999983,0.67788161993769470405
4.346922999999947,0.67850467289719626168
4.347158000000036,0.67912772585669781931
4.3498500000000035,0.67975077881619937695
4.350590000000011,0.68037383177570093458
4.353006999999934,0.68099688473520249221
4.353791000000001,0.68161993769470404984
4.354613000000427,0.68224299065420560748
4.354934999999841,0.68286604361370716511
4.35955100000001,0.68348909657320872274
4.367690000000039,0.68411214953271028037
4.369860000000017,0.68473520249221183801
4.373830999999996,0.68535825545171339564
4.383687000000009,0.68598130841121495327
4.385012999999617,0.68660436137071651090
4.386982999999873,0.68722741433021806854
4.388056000000233,0.68785046728971962617
4.390026000000034,0.68847352024922118380
4.396897999999965,0.68909657320872274143
4.402405999999928,0.68971962616822429907
4.410538999999972,0.69034267912772585670
4.4115499999998065,0.69096573208722741433
4.415890000000218,0.69158878504672897196
4.418633000000227,0.69221183800623052960
4.426660999999967,0.69283489096573208723
4.438123000000019,0.69345794392523364486
4.441788999999972,0.69408099688473520249
4.444161000000008,0.69470404984423676012
4.449661000000106,0.69532710280373831776
4.451025999999729,0.69595015576323987539
4.454560000000129,0.69657320872274143302
4.460477000000083,0.69719626168224299065
4.465197999999873,0.69781931464174454829
4.465525000000071,0.69844236760124610592
4.472941999999875,0.69906542056074766355
4.478325000000041,0.69968847352024922118
4.484226000000035,0.70031152647975077882
4.48530199999999,0.70093457943925233645
4.4867599999997765,0.70155763239875389408
4.4875619999999685,0.70218068535825545171
4.48871599999984,0.70280373831775700935
4.490406000000007,0.70342679127725856698
4.494437000000062,0.70404984423676012461
4.498947000000044,0.70467289719626168224
4.501854000000094,0.70529595015576323988
4.502071000000001,0.70591900311526479751
4.512230000000272,0.70654205607476635514
4.512294999999995,0.70716510903426791277
4.5173359999998866,0.70778816199376947040
4.521003000000292,0.70841121495327102804
4.522257999999965,0.70903426791277258567
4.5293689999998605,0.70965732087227414330
4.530517000000032,0.71028037383177570093
4.533492999999908,0.71090342679127725857
4.5413429999999835,0.71152647975077881620
4.543803999999909,0.71214953271028037383
4.544520999999975,0.71277258566978193146
4.544685000000072,0.71339563862928348910
4.545245000000023,0.71401869158878504673
4.545851000000084,0.71464174454828660436
4.550224000000071,0.71526479750778816199
4.550344000000223,0.71588785046728971963
4.552592000000004,0.71651090342679127726
4.552868999999646,0.71713395638629283489
4.554147000000285,0.71775700934579439252
4.5544740000000274,0.71838006230529595016
4.557843999999932,0.71900311526479750779
4.558091999999988,0.71962616822429906542
4.5608900000001995,0.72024922118380062305
4.562037000000032,0.72087227414330218069
4.564450999999963,0.72149532710280373832
4.564609000000019,0.72211838006230529595
4.567315000000008,0.72274143302180685358
4.571138000000019,0.72336448598130841121
4.572148999999854,0.72398753894080996885
4.572327000000087,0.72461059190031152648
4.572728000000097,0.72523364485981308411
4.574275999999998,0.72585669781931464174
4.57431699999961,0.72647975077881619938
4.57491200000004,0.72710280373831775701
4.575073999999859,0.72772585669781931464
4.5765339999998105,0.72834890965732087227
4.5791840000001685,0.72897196261682242991
4.5796080000000075,0.72959501557632398754
4.58025600000019,0.73021806853582554517
4.580778000000009,0.73084112149532710280
4.581974000000173,0.73146417445482866044
4.5820320000000265,0.73208722741433021807
4.582492999999886,0.73271028037383177570
4.582940000000008,0.73333333333333333333
4.583010000000002,0.73395638629283489097
4.585351000000173,0.73457943925233644860
4.585657999999967,0.73520249221183800623
4.586487000000034,0.73582554517133956386
4.587377999999717,0.73644859813084112150
4.587460000000192,0.73707165109034267913
4.587604999999712,0.73769470404984423676
4.587692000000061,0.73831775700934579439
4.5884530000003,0.73894080996884735202
4.588453999999956,0.73956386292834890966
4.589252000000215,0.74018691588785046729
4.589566999999988,0.74080996884735202492
4.59054100000003,0.74143302180685358255
4.590834000000086,0.74205607476635514019
4.590888999999834,0.74267912772585669782
4.591358999999997,0.74330218068535825545
4.591474999999946,0.74392523364485981308
4.591857000000118,0.74454828660436137072
4.59260200000017,0.74517133956386292835
4.593252000000007,0.74579439252336448598
4.593717000000197,0.74641744548286604361
4.594507000000249,0.74704049844236760125
4.594804000000067,0.74766355140186915888
4.59541900000022,0.74828660436137071651
4.59586199999967,0.74890965732087227414
4.598478000000341,0.74953271028037383178
4.605736999999976,0.75015576323987538941
4.607962000000043,0.75077881619937694704
4.611155999999994,0.75140186915887850467
4.613462000000027,0.75202492211838006231
4.613885999999866,0.75264797507788161994
4.61511100000007,0.75327102803738317757
4.616063000000395,0.75389408099688473520
4.616279000000304,0.75451713395638629283
4.617973999999776,0.75514018691588785047
4.618346999999972,0.75576323987538940810
4.618950000000041,0.75638629283489096573
4.618951999999808,0.75700934579439252336
4.619401000000153,0.75763239875389408100
4.620336999999836,0.75825545171339563863
4.620535000000018,0.75887850467289719626
4.620574999999917,0.75950155763239875389
4.620715000000018,0.76012461059190031153
4.621075999999903,0.76074766355140186916
4.6222170000000915,0.76137071651090342679
4.622667999999976,0.76199376947040498442
4.623748999999975,0.76261682242990654206
4.6238469999998415,0.76323987538940809969
4.623974999999973,0.76386292834890965732
4.624381999999969,0.76448598130841121495
4.625790000000052,0.76510903426791277259
4.627167999999983,0.76573208722741433022
4.627936000000318,0.76635514018691588785
4.629104999999981,0.76697819314641744548
4.631278999999722,0.76760124610591900312
4.632542000000058,0.76822429906542056075
4.640455000000202,0.76884735202492211838
4.6421269999999595,0.76947040498442367601
4.643039999999928,0.77009345794392523364
4.645910999999842,0.77071651090342679128
4.646088999999847,0.77133956386292834891
4.647011999999904,0.77196261682242990654
4.648178000000144,0.77258566978193146417
4.651549000000159,0.77320872274143302181
4.654320000000098,0.77383177570093457944
4.655441999999766,0.77445482866043613707
4.657022999999981,0.77507788161993769470
4.658368999999993,0.77570093457943925234
4.6588730000003125,0.77632398753894080997
4.6592109999996865,0.77694704049844236760
4.660155000000032,0.77757009345794392523
4.662034000000006,0.77819314641744548287
4.6675710000000095,0.77881619937694704050
4.671467000000007,0.77943925233644859813
4.671930999999859,0.78006230529595015576
4.671945999999934,0.78068535825545171340
4.6733729999996285,0.78130841121495327103
4.67360599999995,0.78193146417445482866
4.67612199999985,0.78255451713395638629
4.678290999999945,0.78317757009345794393
4.6786429999999655,0.78380062305295950156
4.680445999999847,0.78442367601246105919
4.682419999999979,0.78504672897196261682
4.682628000000022,0.78566978193146417445
4.684346000000005,0.78629283489096573209
4.6899130000001605,0.78691588785046728972
4.691667000000052,0.78753894080996884735
4.693015999999943,0.78816199376947040498
4.697294000000056,0.78878504672897196262
4.70437400000003,0.78940809968847352025
4.714811000000282,0.79003115264797507788
4.71630499999992,0.79065420560747663551
4.716679999999997,0.79127725856697819315
4.722246999999697,0.79190031152647975078
4.722900000000209,0.79252336448598130841
4.723178999999959,0.79314641744548286604
4.724337000000105,0.79376947040498442368
4.726309000000128,0.79439252336448598131
4.728484999999864,0.79501557632398753894
4.729487999999947,0.79563862928348909657
4.730424999999968,0.79626168224299065421
4.733075999999983,0.79688473520249221184
4.7340110000000095,0.79750778816199376947
4.734590000000026,0.79813084112149532710
4.7352569999998195,0.79875389408099688474
4.740738999999849,0.79937694704049844237
4.741671999999653,0.80000000000000000000
4.742355999999745,0.80062305295950155763
4.742870000000039,0.80124610591900311526
4.743894000000182,0.80186915887850467290
4.750020999999833,0.80249221183800623053
4.750135,0.80311526479750778816
4.751607000000149,0.80373831775700934579
4.75592000000006,0.80436137071651090343
4.757293000000118,0.80498442367601246106
4.758036000000175,0.80560747663551401869
4.760787999999991,0.80623052959501557632
4.761863999999946,0.80685358255451713396
4.7620810000003075,0.80747663551401869159
4.764385999999831,0.80809968847352024922
4.765522000000146,0.80872274143302180685
4.769140000000107,0.80934579439252336449
4.771414000000277,0.80996884735202492212
4.772766000000047,0.81059190031152647975
4.773514000000006,0.81121495327102803738
4.774537000000237,0.81183800623052959502
4.776247999999896,0.81246105919003115265
4.7764159999999265,0.81308411214953271028
4.77669800000001,0.81370716510903426791
4.778683999999885,0.81433021806853582555
4.782278000000133,0.81495327102803738318
4.784392999999909,0.81557632398753894081
4.788519000000065,0.81619937694704049844
4.79163699999981,0.81682242990654205607
4.791924999999992,0.81744548286604361371
4.794534999999996,0.81806853582554517134
4.796175999999946,0.81869158878504672897
4.796582000000058,0.81931464174454828660
4.800709999999981,0.81993769470404984424
4.802730999999767,0.82056074766355140187
4.802889999999934,0.82118380062305295950
4.803828999999951,0.82180685358255451713
4.804924999999912,0.82242990654205607477
4.80590200000006,0.82305295950155763240
4.806626999999935,0.82367601246105919003
4.807843000000048,0.82429906542056074766
4.810142000000269,0.82492211838006230530
4.810591999999815,0.82554517133956386293
4.811474000000004,0.82616822429906542056
4.812790999999834,0.82679127725856697819
4.813002000000097,0.82741433021806853583
4.813947999999982,0.82803738317757009346
4.820876999999996,0.82866043613707165109
4.821840000000066,0.82928348909657320872
4.823365999999851,0.82990654205607476636
4.823410000000001,0.83052959501557632399
4.824993000000177,0.83115264797507788162
4.833980999999994,0.83177570093457943925
4.835337999999865,0.83239875389408099688
4.83977300000015,0.83302180685358255452
4.844056999999793,0.83364485981308411215
4.845933000000059,0.83426791277258566978
4.846194000000025,0.83489096573208722741
4.847303999999895,0.83551401869158878505
4.850138000000243,0.83613707165109034268
4.850225000000137,0.83676012461059190031
4.851032000000032,0.83738317757009345794
4.851137000000108,0.83800623052959501558
4.853117999999995,0.83862928348909657321
4.853244999999788,0.83925233644859813084
4.854937999999947,0.83987538940809968847
4.855555000000095,0.84049844236760124611
4.8579590000001645,0.84112149532710280374
4.858068000000003,0.84174454828660436137
4.8590580000000045,0.84236760124610591900
4.859651999999642,0.84299065420560747664
4.860324000000219,0.84361370716510903427
4.861468999999943,0.84423676012461059190
4.861472000000049,0.84485981308411214953
4.862016999999923,0.84548286604361370717
4.8620780000001105,0.84610591900311526480
4.86222500000008,0.84672897196261682243
4.86364599999979,0.84735202492211838006
4.863676999999996,0.84797507788161993769
4.864145000000008,0.84859813084112149533
4.864516000000094,0.84922118380062305296
4.864865999999893,0.84984423676012461059
4.864983999999822,0.85046728971962616822
4.865190000000041,0.85109034267912772586
4.86524600000007,0.85171339563862928349
4.86539300000004,0.85233644859813084112
4.866952999999967,0.85295950155763239875
4.867082999999639,0.85358255451713395639
4.867105000000038,0.85420560747663551402
4.8673720000001595,0.85482866043613707165
4.867686999999933,0.85545171339563862928
4.867768000000069,0.85607476635514018692
4.867799000000105,0.85669781931464174455
4.868105000000014,0.85732087227414330218
4.868293999999878,0.85794392523364485981
4.86851200000001,0.85856697819314641745
4.8687589999999545,0.85919003115264797508
4.869957999999997,0.85981308411214953271
4.870546999999988,0.86043613707165109034
4.870871000000079,0.86105919003115264798
4.872589999999946,0.86168224299065420561
4.8742919999999685,0.86230529595015576324
4.875982000000022,0.86292834890965732087
4.876793000000021,0.86355140186915887850
4.877063000000021,0.86417445482866043614
4.877420000000029,0.86479750778816199377
4.8776849999999286,0.86542056074766355140
4.87778400000002,0.86604361370716510903
4.87802099999999,0.86666666666666666667
4.878343999999743,0.86728971962616822430
4.879640999999992,0.86791277258566978193
4.880392999999913,0.86853582554517133956
4.880668000000242,0.86915887850467289720
4.880937000000131,0.86978193146417445483
4.881025000000022,0.87040498442367601246
4.882951000000048,0.87102803738317757009
4.8830840000000535,0.87165109034267912773
4.883092000000033,0.87227414330218068536
4.883628999999928,0.87289719626168224299
4.884153999999853,0.87352024922118380062
4.884508000000096,0.87414330218068535826
4.884511999999859,0.87476635514018691589
4.8845870000000104,0.87538940809968847352
4.885392000000138,0.87601246105919003115
4.8856479999999465,0.87663551401869158879
4.886160000000018,0.87725856697819314642
4.88648000000012,0.87788161993769470405
4.886637999999948,0.87850467289719626168
4.886774999999943,0.87912772585669781931
4.887022999999999,0.87975077881619937695
4.8874790000004396,0.88037383177570093458
4.887780000000021,0.88099688473520249221
4.88779999999997,0.88161993769470404984
4.887853000000064,0.88224299065420560748
4.887936999999965,0.88286604361370716511
4.888106999999991,0.88348909657320872274
4.8881369999999995,0.88411214953271028037
4.888155999999981,0.88473520249221183801
4.888261000000057,0.88535825545171339564
4.8885049999998955,0.88598130841121495327
4.888650999999982,0.88660436137071651090
4.889431000000059,0.88722741433021806854
4.889874999999847,0.88785046728971962617
4.890018999999938,0.88847352024922118380
4.89052700000002,0.88909657320872274143
4.890699999999924,0.88971962616822429907
4.890736999999945,0.89034267912772585670
4.890787000000046,0.89096573208722741433
4.890840999999909,0.89158878504672897196
4.89092299999993,0.89221183800623052960
4.891163000000233,0.89283489096573208723
4.891292999999678,0.89345794392523364486
4.891417999999703,0.89408099688473520249
4.891888000000108,0.89470404984423676012
4.892273999999929,0.89532710280373831776
4.892331999999897,0.89595015576323987539
4.892394999999965,0.89657320872274143302
4.89273500000013,0.89719626168224299065
4.892768000000046,0.89781931464174454829
4.893167000000176,0.89844236760124610592
4.893208000000186,0.89906542056074766355
4.893229000000019,0.89968847352024922118
4.893763999999919,0.90031152647975077882
4.893967999999859,0.90093457943925233645
4.894291000000067,0.90155763239875389408
4.8945199999998295,0.90218068535825545171
4.894522999999936,0.90280373831775700935
4.894688000000087,0.90342679127725856698
4.8947870000001785,0.90404984423676012461
4.895395000000008,0.90467289719626168224
4.896016000000145,0.90529595015576323988
4.896445000000313,0.90591900311526479751
4.896909000000051,0.90654205607476635514
4.897200999999768,0.90716510903426791277
4.897554000000127,0.90778816199376947040
4.8977960000001985,0.90841121495327102804
4.897895000000062,0.90903426791277258567
4.898197999999866,0.90965732087227414330
4.898279000000002,0.91028037383177570093
4.898487999999929,0.91090342679127725857
4.898689999999988,0.91152647975077881620
4.89916600000015,0.91214953271028037383
4.899247000000287,0.91277258566978193146
4.8993860000000495,0.91339563862928348910
4.899405999999999,0.91401869158878504673
4.899636999999984,0.91464174454828660436
4.9004979999999705,0.91526479750778816199
4.901322000000164,0.91588785046728971963
4.901405000000068,0.91651090342679127726
4.902113000000099,0.91713395638629283489
4.90258300000005,0.91775700934579439252
4.902778999999981,0.91838006230529595016
4.902826000000005,0.91900311526479750779
4.903464999999869,0.91962616822429906542
4.903554999999869,0.92024922118380062305
4.905052000000069,0.92087227414330218069
4.905497999999625,0.92149532710280373832
4.906039999999848,0.92211838006230529595
4.906656999999996,0.92274143302180685358
4.907666999999947,0.92336448598130841121
4.907962000000225,0.92398753894080996885
4.907986999999935,0.92461059190031152648
4.9082879999999705,0.92523364485981308411
4.910799999999881,0.92585669781931464174
4.913328000000092,0.92647975077881619938
4.922733999999764,0.92710280373831775701
4.928458999999975,0.92772585669781931464
4.935653000000002,0.92834890965732087227
4.939401000000089,0.92897196261682242991
4.940538999999944,0.92959501557632398754
4.947636999999986,0.93021806853582554517
4.949806999999964,0.93084112149532710280
4.9521780000000035,0.93146417445482866044
4.953569000000016,0.93208722741433021807
4.956783000000087,0.93271028037383177570
4.980791999999951,0.93333333333333333333
4.981667000000016,0.93395638629283489097
4.991732000000013,0.93457943925233644860
5.000091999999768,0.93520249221183800623
5.000303000000031,0.93582554517133956386
5.006442999999763,0.93644859813084112150
5.012088000000176,0.93707165109034267913
5.012501000000157,0.93769470404984423676
5.01516300000003,0.93831775700934579439
5.023032999999941,0.93894080996884735202
5.033255999999938,0.93956386292834890966
5.0335459999998875,0.94018691588785046729
5.0348639999999705,0.94080996884735202492
5.038808999999674,0.94143302180685358255
5.041787999999997,0.94205607476635514019
5.042165000000068,0.94267912772585669782
5.056694999999763,0.94330218068535825545
5.059683000000064,0.94392523364485981308
5.05976899999996,0.94454828660436137072
5.066976999999952,0.94517133956386292835
5.070148000000017,0.94579439252336448598
5.073640999999952,0.94641744548286604361
5.0807909999999765,0.94704049844236760125
5.081845999999814,0.94766355140186915888
5.082814999999755,0.94828660436137071651
5.083338999999796,0.94890965732087227414
5.088195999999698,0.94953271028037383178
5.089187999999922,0.95015576323987538941
5.091662000000042,0.95077881619937694704
5.093705000000227,0.95140186915887850467
5.099844000000303,0.95202492211838006231
5.101861999999983,0.95264797507788161994
5.102640000000065,0.95327102803738317757
5.104992000000038,0.95389408099688473520
5.109734000000117,0.95451713395638629283
5.110255000000052,0.95514018691588785047
5.116708000000017,0.95576323987538940810
5.119901999999911,0.95638629283489096573
5.121224999999868,0.95700934579439252336
5.1217790000000605,0.95763239875389408100
5.126221999999984,0.95825545171339563863
5.127330000000029,0.95887850467289719626
5.129188999999997,0.95950155763239875389
5.129294999999956,0.96012461059190031153
5.13097700000003,0.96074766355140186916
5.132520999999997,0.96137071651090342679
5.1338149999999985,0.96199376947040498442
5.136814000000072,0.96261682242990654206
5.137851999999839,0.96323987538940809969
5.139578000000256,0.96386292834890965732
5.139761999999791,0.96448598130841121495
5.140046999999981,0.96510903426791277259
5.140894999999773,0.96573208722741433022
5.145993999999973,0.96635514018691588785
5.146014999999807,0.96697819314641744548
5.147927999999865,0.96760124610591900312
5.148923000000195,0.96822429906542056075
5.148985999999979,0.96884735202492211838
5.151327999999921,0.96947040498442367601
5.151796999999988,0.97009345794392523364
5.152210000000196,0.97071651090342679128
5.152884,0.97133956386292834891
5.153250999999727,0.97196261682242990654
5.153496000000018,0.97258566978193146417
5.153502000000003,0.97320872274143302181
5.15370299999995,0.97383177570093457944
5.154606999999942,0.97445482866043613707
5.154686999999967,0.97507788161993769470
5.155594999999721,0.97570093457943925234
5.155648999999983,0.97632398753894080997
5.155795000000126,0.97694704049844236760
5.157658000000083,0.97757009345794392523
5.158409,0.97819314641744548287
5.159474999999929,0.97881619937694704050
5.161757000000307,0.97943925233644859813
5.163207000000057,0.98006230529595015576
5.163641999999982,0.98068535825545171340
5.163837000000058,0.98130841121495327103
5.164512000000059,0.98193146417445482866
5.165872000000036,0.98255451713395638629
5.165974000000006,0.98317757009345794393
5.1669990000000325,0.98380062305295950156
5.167021999999861,0.98442367601246105919
5.170221999999967,0.98504672897196261682
5.170654000000013,0.98566978193146417445
5.171900000000051,0.98629283489096573209
5.172980999999709,0.98691588785046728972
5.18275500000027,0.98753894080996884735
5.2066919999999755,0.98816199376947040498
5.230189000000337,0.98878504672897196262
5.2696369999999995,0.98940809968847352025
5.298445000000356,0.99003115264797507788
5.313323999999739,0.99065420560747663551
5.418344000000161,0.99127725856697819315
5.419190999999955,0.99190031152647975078
5.427218999999923,0.99252336448598130841
5.431997999999794,0.99314641744548286604
5.437640999999985,0.99376947040498442368
5.440033999999969,0.99439252336448598131
5.443448999999987,0.99501557632398753894
5.545448999999735,0.99563862928348909657
5.56245100000001,0.99626168224299065421
5.590845999999999,0.99688473520249221184
5.615480999999818,0.99750778816199376947
5.707458999999972,0.99813084112149532710
5.803989999999999,0.99875389408099688474
5.975702999999996,0.99937694704049844237
6.59686499999998,1.00000000000000000000
