4.959999998845888E-4
5.129999999553547E-4
5.159999996067199E-4
5.169999999452557E-4
5.470000000968867E-4
5.510000000867876E-4
5.55999999960477E-4
5.579999999554275E-4
5.660000001626031E-4
5.750000000261934E-4
5.779999996775587E-4
5.78999999959251E-4
5.86000000112108E-4
6.100000000515138E-4
6.130000001576263E-4
6.180000000313157E-4
6.239999997887935E-4
6.300000000010186E-4
6.450000000768341E-4
6.579999999871688E-4
6.590000000414875E-4
6.599999996979022E-4
6.619999999202264E-4
6.639999996878032E-4
6.660000003648747E-4
6.679999996777042E-4
6.720000000086657E-4
6.74000000117303E-4
7.020000000466098E-4
7.120000000213622E-4
7.259999999860156E-4
7.630000000062864E-4
8.080000002337329E-4
8.239999999659631E-4
8.740000002944726E-4
0.0017630000000963264
0.0017930000000205837
0.002753000000211614
0.002753000000211614
0.002782000000024709
0.004092000000127882
0.0046830000001136796
0.004812000000129046
0.004833999999846128
0.005148000000076536
0.00536099999999351
0.005382000000054177
0.005943000000115717
0.006094999999959327
0.00663800000000947
0.007036999999996851
0.008285999999770866
0.008576000000061867
0.008632000000034168
0.008832999999867752
0.009324999999989814
0.009677000000010594
0.009770000000003165
0.00996400000030917
0.010203000000274187
0.011095000000068467
0.011277999999947497
0.011696999999912805
0.012397999999848253
0.012769999999818538
0.013287999999874955
0.01448400000026595
0.015320999999971718
0.015778999999952248
0.01589400000000296
0.0161239999999907
0.01632100000006176
0.01644299999998111
0.016501999999945838
0.017137999999704334
0.017197000000123808
0.017229999999926804
0.017493999999999232
0.017790000000104556
0.01783499999999094
0.01784700000007433
0.018945000000030632
0.0190820000000258
0.019248000000061438
0.019274999999879583
0.019279000000096858
0.01972200000000157
0.020058999999946536
0.020095000000310392
0.020142999999734457
0.02017399999999725
0.020696999999927357
0.02087500000016007
0.02105699999992794
0.02121900000003052
0.02179599999999482
0.021930999999995038
0.021960000000035507
0.021974000000227534
0.022725999999920532
0.022818000000370375
0.02282500000001164
0.023254999999608117
0.02380200000015975
0.023865999999998166
0.0242319999999836
0.02486000000000388
0.025063999999929365
0.026045999999951164
0.02665099999967424
0.026864999999816064
0.027454000000034284
0.02783299999987321
0.028637999999773456
0.029540999999881024
0.029686000000026525
0.02987999999982094
0.029888999999911903
0.030865000000062537
0.030948999999964144
0.03156399999988935
0.03197300000010728
0.03217499999982465
0.033660000000054424
0.033836000000064814
0.03490700000020297
0.035130999999992696
0.035186999999950785
0.03551599999991595
0.03585300000031566
0.03649599999971542
0.03665000000000873
0.03686799999999835
0.03690599999981714
0.03733899999999579
0.03771499999993466
0.03774199999998018
0.03775199999972756
0.03805299999999079
0.03813300000000197
0.038209000000051674
0.03830999999991036
0.03840900000000147
0.0387800000000027
0.03964000000019041
0.040443999999979496
0.04107099999998809
0.041639000000031956
0.042623000000048705
0.042797000000064145
0.04469300000005205
0.04636500000015076
0.04638999999997395
0.046587999999701424
0.046942000000058215
0.04730799999992996
0.04893099999981132
0.04987000000005537
0.050058999999976095
0.05016299999988405
0.05098999999972875
0.051427000000330736
0.05188899999984642
0.05191599999989194
0.0520409999999174
0.05238200000007964
0.05309999999985848
0.05321100000000456
0.05334099999981845
0.05357099999991988
0.053693000000066604
0.054372000000057596
0.05451700000003257
0.05456600000002254
0.05480199999965407
0.05519200000003366
0.05524300000001858
0.0554349999997612
0.0554939999999533
0.055849000000002036
0.05628300000000763
0.05818700000008903
0.05914400000006026
0.05918399999995927
0.05960899999990943
0.059633000000005154
0.05975599999999304
0.06000999999992018
0.06037900000001173
0.061082999999825915
0.06257199999981822
0.06353100000023915
0.0636650000001282
0.06413100000000327
0.06417400000009366
0.06471499999997832
0.06484100000011495
0.06512199999997392
0.06595900000002075
0.06612799999993513
0.0680080000001908
0.06809500000008484
0.06843299999991359
0.06873500000000377
0.06946000000016284
0.06960900000012771
0.0702449999998862
0.0704000000000633
0.07087599999999838
0.07140800000024683
0.071418999999878
0.07200399999965157
0.07207500000004075
0.07230099999969752
0.07235800000000836
0.07244699999955628
0.07245599999987462
0.07252900000003137
0.0726919999999609
0.07320399999980509
0.07429799999999886
0.07732900000002019
0.07735400000001391
0.07790899999997691
0.07883700000002136
0.07885299999998097
0.07929100000001199
0.07947899999999208
0.08096199999999953
0.08099599999968632
0.08102300000018658
0.08138200000030338
0.08179500000005646
0.08195700000032957
0.08292900000014924
0.08312399999999798
0.08355899999999394
0.0839019999998527
0.08481499999993503
0.08495999999968262
0.08575300000029529
0.08623600000009901
0.08656899999994039
0.086591999999996
0.08659400000033202
0.08680899999990288
0.08733699999993405
0.08904899999993177
0.08975099999997838
0.09274300000015501
0.09314499999982218
0.0938970000001973
0.09421500000007654
0.09500499999998624
0.09541600000011385
0.09552500000017972
0.09583799999973053
0.0967920000000504
0.09727199999997538
0.09763499999999681
0.09865399999989677
0.09867499999995744
0.09918999999990774
0.09928100000001905
0.09935100000006969
0.10100499999998647
0.10141099999987091
0.10160700000000134
0.10163300000021991
0.10163599999998496
0.103483999999753
0.10463100000001191
0.10478600000033111
0.10495200000013938
0.10508500000014465
0.10509000000001834
0.10549899999978152
0.10586000000000695
0.10651299999972252
0.10821400000008907
0.10912499999994907
0.10956799999985378
0.11065999999999576
0.11121899999989182
0.11216500000000451
0.11265499999990425
0.11290199999984907
0.11314500000003136
0.11338399999999638
0.1137260000000424
0.11390299999993658
0.11430300000006355
0.11436200000002827
0.11532999999985805
0.11576700000000528
0.11598600000024817
0.11610799999994015
0.11635100000000875
0.11674100000027465
0.11698699999988094
0.11770300000011957
0.11792300000001887
0.11816799999996874
0.11876900000000035
0.11912500000016735
0.11912800000004609
0.11929200000031415
0.11957200000006196
0.12039400000003297
0.12045700000021498
0.12054699999998775
0.12174499999991895
0.1218509999998787
0.12185500000009597
0.1221219999999903
0.12254600000005667
0.12289700000002313
0.12340599999993174
0.1238839999996344
0.12410799999997835
0.12422900000001391
0.12436299999990297
0.12446299999999155
0.12459799999987808
0.12464700000009543
0.12662100000034116
0.12740200000007462
0.128327999999982
0.1284069999996973
0.1293869999999515
0.1309200000000601
0.13168799999994008
0.1324470000000133
0.13245500000000732
0.13267599999971935
0.13310099999989689
0.1334590000001299
0.13358100000004924
0.13401100000010047
0.13452400000005582
0.1346880000000965
0.13482999999996537
0.13519300000007206
0.13574800000014875
0.13599099999964892
0.1381019999998898
0.13815900000008696
0.13856000000001245
0.13922900000011396
0.13953100000026097
0.1398110000000088
0.14001299999972616
0.14028099999995902
0.1405099999999493
0.14131799999995565
0.14152799999999388
0.1417199999998502
0.14176599999973405
0.14284799999995812
0.1428809999999885
0.14330199999994875
0.14378599999986363
0.14445500000010725
0.14526300000034098
0.1455110000001696
0.14630699999997887
0.1464339999999993
0.14651200000002973
0.14661599999999453
0.1467889999998988
0.14711400000032882
0.14769200000000637
0.14779100000009748
0.1487090000000535
0.14874300000019502
0.14888599999994767
0.15072600000007697
0.1520069999999123
0.1527110000000107
0.15279800000007526
0.15382800000043062
0.15434700000002977
0.1562959999996565
0.15681500000027881
0.15728200000012293
0.15729000000010274
0.1575079999997797
0.15874000000000876
0.15880799999990813
0.15895999999975174
0.16216800000006515
0.16268999999999778
0.16312900000002628
0.16367799999989074
0.1653000000001157
0.16830899999990834
0.16898199999991448
0.1699039999998604
0.17015100000025996
0.17128300000013041
0.17193300000008094
0.1729659999996329
0.17336000000022977
0.17345399999999245
0.17405199999996057
0.17420799999999304
0.17421300000000883
0.17551099999991493
0.17558900000040012
0.17578099999991537
0.1765760000000114
0.1767930000000888
0.176817999999912
0.1769869999999969
0.1770419999998012
0.17733099999998103
0.17748100000017075
0.17751399999997375
0.17783200000008037
0.17793899999969653
0.1786140000000387
0.17915199999970355
0.17931900000007772
0.17996000000039203
0.18088499999976193
0.1815959999998995
0.1829529999999977
0.18330700000001343
0.1851929999997992
0.18533500000012282
0.18603100000018458
0.1865099999999984
0.18667000000004919
0.1877039999999397
0.1880630000000565
0.18819799999982934
0.1884219999999459
0.18919899999991685
0.1892809999999976
0.19008100000019112
0.19156300000003057
0.19159200000012788
0.19229700000005323
0.1944740000000138
0.19479599999999664
0.1950010000000475
0.1950730000000931
0.19508300000006784
0.19718599999998787
0.19833500000004278
0.1983860000000277
0.20016599999985374
0.20223499999974592
0.2022980000000132
0.20350099999996019
0.20376600000008693
0.20414700000014818
0.2047979999999825
0.2068610000001172
0.2069610000000921
0.20805300000006355
0.20935000000008586
0.21122599999989689
0.21187399999985246
0.2134329999998954
0.2145050000000026
0.21465600000010454
0.21473599999990256
0.21521100000006754
0.21595700000011675
0.2170139999998355
0.21724900000026537
0.21742799999992712
0.21901699999989432
0.22122200000012526
0.2213769999998476
0.22152599999981248
0.2218399999999292
0.2233569999998508
0.22411299999998846
0.22470799999973678
0.2265899999999874
0.22675799999979063
0.22684300000003077
0.22749199999998382
0.22794500000009066
0.22883200000001125
0.22889900000006946
0.22976300000004812
0.22996800000009898
0.23044400000003407
0.23057600000038292
0.23645900000019537
0.2371610000000146
0.23817300000018804
0.23849299999983486
0.2387149999999565
0.2410859999999957
0.24123499999996056
0.24242400000002817
0.24309100000004946
0.24466400000005706
0.2447379999999839
0.2447899999999663
0.24508100000002742
0.24575000000004366
0.24606800000015028
0.24627900000041336
0.24666400000000976
0.24705500000004577
0.24801899999999932
0.24850100000003295
0.2507740000000922
0.25084700000024895
0.25159800000005816
0.25223700000015015
0.25253400000002557
0.25289500000008047
0.25309900000002017
0.2532380000000103
0.25362200000017765
0.25582600000007005
0.2560000000000855
0.2563310000000456
0.25745499999993626
0.25802599999997256
0.25907600000005004
0.25956300000007104
0.26143600000000333
0.26157000000011976
0.26339099999995597
0.2649970000002213
0.2672979999997551
0.2673409999999876
0.2680239999999685
0.2698029999999676
0.27037699999993947
0.2713469999998779
0.2715530000000399
0.27305699999988065
0.2754700000000412
0.27601400000003196
0.27795100000003004
0.2782240000001366
0.27835600000025806
0.2784149999999954
0.27996699999994235
0.2802000000001499
0.28137900000001537
0.28141199999981836
0.2822799999999006
0.282502999999906
0.28251000000000204
0.28260500000010325
0.28307300000005853
0.2840430000001106
0.28511399999979403
0.2851980000000367
0.28541199999995115
0.28664500000013504
0.2869339999999738
0.28725699999999676
0.28888800000004267
0.28923299999996743
0.29087200000003577
0.2909270000000106
0.2935309999998026
0.2938139999999976
0.2950379999999768
0.2959319999999934
0.2962800000000243
0.2967149999999492
0.2972559999998339
0.2978670000002239
0.29837099999986094
0.2988070000000107
0.2990279999999075
0.30267800000001444
0.3073349999999664
0.3095250000001215
0.31236200000012104
0.3130780000001323
0.3139569999998457
0.31445400000006885
0.3163059999997131
0.31757900000002337
0.3196219999999812
0.3199860000000001
0.32063800000014453
0.32127900000023146
0.32251700000006167
0.3227360000000772
0.323701999999912
0.32528800000000047
0.3257250000001477
0.32860100000016246
0.3291439999998147
0.3310469999998986
0.33267000000000735
0.3341089999998985
0.33760300000017196
0.33809100000007675
0.34033799999997427
0.34035899999980757
0.3429900000000998
0.3439450000000761
0.3451869999998962
0.3470119999999497
0.34731699999997545
0.347774999999956
0.3488820000002306
0.3489489999999904
0.3528430000001208
0.35503700000026583
0.3557420000001912
0.3564179999999624
0.35865499999999884
0.36103800000000774
0.3613239999999678
0.36304199999995035
0.3686840000000302
0.3692559999999503
0.3697930000002998
0.37045400000010886
0.3710060000000226
0.37132400000018606
0.3714400000000069
0.3731440000001385
0.3732010000000088
0.3760250000000269
0.37710400000000277
0.378193999999894
0.3785600000001068
0.37878200000022844
0.3795350000000326
0.3807919999999285
0.3807970000000296
0.38262399999985064
0.38444299999991927
0.38582200000001876
0.3869170000000395
0.3897919999999431
0.3912519999998949
0.39182999999997037
0.39225300000001084
0.39470899999969333
0.3948970000000145
0.3957550000000083
0.39659099999994396
0.3981829999997899
0.3984179999999924
0.3984229999996387
0.3985360000001492
0.40146699999968405
0.4043179999998756
0.4060850000000755
0.41033900000002177
0.41037000000000035
0.4110410000000684
0.41286200000013196
0.41386899999997695
0.4140980000001946
0.4149680000000444
0.41569499999968684
0.41754900000000816
0.42827199999987897
0.42864000000008673
0.42892200000005687
0.430499999999995
0.43317799999999806
0.4355639999998857
0.437610000000177
0.4385250000000269
0.44115899999997055
0.44141999999965265
0.44311000000016065
0.4449770000001081
0.44536700000003293
0.44683000000003403
0.4475609999999506
0.44845600000007835
0.4487659999999778
0.44881499999996777
0.4504660000000058
0.451162999999724
0.45268899999973655
0.45519000000012966
0.45650000000023283
0.4570770000000266
0.4576399999998557
0.4590489999998226
0.459069999999997
0.46098699999993187
0.4614080000001195
0.4633170000001883
0.4654840000000604
0.4676609999999073
0.46838000000002467
0.4716680000001361
0.47221899999976813
0.47254900000007183
0.4735809999999674
0.47461699999996654
0.4768759999997201
0.4794080000001486
0.4796319999999952
0.4800399999999172
0.48116699999991397
0.48133199999983844
0.48375799999996616
0.4875539999999887
0.4880519999999251
0.4898049999997056
0.49069699999995464
0.4933690000000297
0.4942960000000767
0.4946820000000116
0.49473199999999906
0.4948359999998502
0.49534300000004805
0.4994779999997263
0.5000850000001265
0.5009469999999965
0.5023380000000088
0.5025059999999257
0.508382999999867
0.5096650000000409
0.5136779999999135
0.5154519999998683
0.5172910000000002
0.5180019999997967
0.518098000000009
0.5188959999998133
0.5213000000001102
0.5215270000000203
0.5220309999999699
0.5243690000002061
0.5287459999999555
0.5315599999998994
0.5318210000000079
0.5357089999999971
0.5370490000000245
0.5413899999999785
0.5414160000000265
0.5438399999998182
0.5451629999997749
0.5476529999996274
0.547841999999946
0.5490279999999075
0.5492309999999634
0.5518999999999323
0.5534840000000258
0.5558469999996305
0.5634489999999914
0.5642239999999674
0.564585999999963
0.5670959999999923
0.5687520000000177
0.5797749999996995
0.5825160000001688
0.5846630000000346
0.5915850000000091
0.5940089999999145
0.5946460000000009
0.5962300000001051
0.5974559999999656
0.5979600000000005
0.6008280000000923
0.6020950000001903
0.6035640000000058
0.6065459999999803
0.6081080000003567
0.6142730000000256
0.6161850000003142
0.6207110000000284
0.6227569999999787
0.6279949999999417
0.6295479999998861
0.6295959999999923
0.6333639999998013
0.6372860000000173
0.6433569999999236
0.6455799999999954
0.6457110000001194
0.6485349999998107
0.6526050000002215
0.6543740000000042
0.654707000000144
0.6590009999999893
0.6674570000000131
0.6732620000002498
0.6753450000000072
0.6883980000002339
0.6912779999997838
0.7113809999999994
0.7117869999999584
0.7135650000000169
0.7140590000003613
0.7158369999997376
0.717583999999988
0.7200860000000375
0.7232050000000072
0.7232820000000402
0.7239420000000791
0.7241080000003421
0.7313030000000253
0.7375090000000455
0.7411130000000412
0.7469179999999938
0.7508769999999458
0.7509220000000028
0.7522500000000036
0.7531930000000102
0.7589069999999083
0.7599230000000148
0.7693730000000869
0.7811659999999847
0.7812900000003538
0.786391999999978
0.7915769999999611
0.7936930000000757
0.7939330000001519
0.79912000000013
0.8038729999999532
0.8052959999999985
0.8100109999999958
0.8153139999999439
0.8157160000000658
0.8170959999997649
0.8174360000002707
0.8181139999999232
0.8195309999999836
0.8283340000000408
0.8393120000000636
0.8515539999999646
0.8537500000000477
0.8550510000000031
0.8561919999999645
0.8592730000000302
0.8612459999999373
0.8718389999999943
0.8874920000000657
0.9209640000003674
0.9230800000000272
0.9253579999999602
0.9419450000000325
0.9532329999999547
0.9585829999998623
0.9642199999999548
0.9852219999997942
1.0025339999999971
1.0031800000001567
1.0079040000000532
1.02909899999986
1.030147999999997
1.0493940000001203
1.0626219999999194
1.0634370000000217
1.0769970000001194
1.0951289999998153
1.10569200000009
1.1089099999999803
1.1213910000001306
1.1519050000001698
1.1828249999999798
1.1969859999999244
1.2039279999999053
1.2042819999996937
1.2233079999996335
1.2499939999997878
1.2770889999999326
1.2835139999999683
1.3216699999999264
1.3331530000000384
1.3460840000002463
1.3547340000000077
1.3642789999998968
1.365126
1.3672839999999837
1.3729929999999513
1.4056120000000014
1.4070919999999205
1.4220729999999833
1.4228129999996781
1.4228140000000167
1.4258730000001378
1.4282519999999295
1.4288259999998445
1.479595000000245
1.4912540000000263
1.5310890000000086
1.5457190000000196
1.5475159999999732
1.5576489999998557
1.5639000000001033
1.6476379999999153
1.6532390000002124
1.6577790000001187
1.6965879999997924
1.7224340000002485
1.863016
1.8846800000001167
1.919076000000132
2.067222000000015
2.0973950000002333
2.121120000000019
2.1690489999996316
2.176400000000285
2.188556999999946
2.2990389999999934
2.3786989999998696
2.470184000000245
2.482657999999901
2.585228000000029
2.5926030000000537
2.698675000000094
2.7386160000000928
2.9475009999998747
3.0167669999999998
3.0251869999997325
3.0377059999996163
3.050328999999998
3.0989849999999706
3.1323270000002594
3.145195000000058
3.1474599999996826
3.175159999999778
3.178455999999983
3.2087289999999484
3.3011380000002646
3.3357930000001943
3.3547930000000292
3.3693379999999706
3.423567999999932
3.432525000000169
3.433979999999792
3.450290000000223
3.4680480000000102
3.4729199999997036
3.5542089999999007
3.570430000000215
3.5931909999999334
3.6017930000000433
3.604656000000002
3.60789299999999
3.614217999999994
3.628255000000081
3.6460550000001604
3.6658360000001267
3.66594299999997
3.675514000000021
3.6803769999999076
3.684860000000299
3.694105000000036
3.6965110000001005
3.7149339999998574
3.7268550000000005
3.730909000000338
3.7351209999999924
3.759338000000298
3.776572999999985
3.7857079999999996
3.80313000000001
3.8045280000001185
3.8073750000000928
3.8258489999998346
3.8314410000000407
3.834879000000001
3.843861000000004
3.8744010000000344
3.8825820000000135
3.8828719999996792
3.921850000000063
3.927292000000307
3.940994000000046
3.9412820000002284
3.947145999999975
3.954125999999974
3.9600319999999556
3.969007000000147
3.977617999999893
3.987500000000182
3.987905999999839
3.9898139999999955
3.9951189999999315
3.9992489999999634
4.001472999999805
4.006772999999612
4.012410000000045
4.0134780000000205
4.01638099999991
4.038438000000042
4.039743999999928
4.039827000000059
4.044585999999981
4.0449350000000095
4.048601999999846
4.061220999999932
4.075835000000097
4.076169999999934
4.079713000000083
4.080238999999892
4.082812999999987
4.0885159999997995
4.093265999999858
4.0952330000000075
4.100439999999708
4.109681000000023
4.110189999999875
4.110860000000002
4.112194000000272
4.1161010000000715
4.130429999999706
4.140880999999808
4.152069999999981
4.160847999999987
4.180061999999907
4.185395000000199
4.204100999999994
4.206928000000062
4.207163999999921
4.2076240000001235
4.208847999999989
4.21808400000009
4.229264000000057
4.235150999999995
4.239177999999811
4.239652000000206
4.240669999999994
4.255163000000039
4.259378999999967
4.261070000000018
4.266492000000028
4.27007599999979
4.278589999999895
4.282456999999965
4.282693000000108
4.283674999999995
4.284586999999988
4.286450999999943
4.287206999999853
4.288220999999794
4.28837899999985
4.288857999999891
4.291112000000112
4.292245999999977
4.293836000000056
4.294795000000249
4.294990999999982
4.296182999999928
4.29623800000013
4.298884000000015
4.300107000000025
4.300267999999988
4.302541000000019
4.305781999999908
4.309660999999892
4.31245899999999
4.316454999999678
4.320545999999922
4.325189000000137
4.3264540000000125
4.329498999999942
4.3310180000000855
4.341565999999602
4.343670999999631
4.346080000000029
4.3464179999999715
4.347421000000168
4.348389999999995
4.349969999999985
4.354421000000002
4.354583000000048
4.356197000000066
4.357346999999891
4.357532999999876
4.3578449999999975
4.360855999999785
4.367643000000044
4.378341000000091
4.381467000000043
4.391946999999959
4.394549999999981
4.400679000000082
4.4022919999999885
4.402971999999977
4.411141999999998
4.411618999999973
4.421540999999706
4.422922000000028
4.425916000000029
4.432088999999905
4.433985000000121
4.438463999999954
4.445276000000149
4.446898000000033
4.447202999999945
4.449645999999575
4.451508999999987
4.452009000000089
4.452873999999838
4.460299999999734
4.460457000000002
4.461058000000037
4.475349999999935
4.488829000000003
4.491210000000137
4.491269999999986
4.492831000000024
4.494656000000305
4.494685000000118
4.494889999999941
4.4953930000000355
4.4990380000003825
4.500733999999738
4.505488000000014
4.511527000000115
4.527720000000045
4.531123999999636
4.532576999999947
4.53293500000018
4.534599999999955
4.541995999999926
4.544462999999951
4.55023099999994
4.551038000000062
4.5529569999998785
4.557684999999992
4.559079000000111
4.561983000000055
4.562831999999997
4.566462000000001
4.566996000000017
4.568630999999982
4.56948999999986
4.571410999999998
4.571721000000025
4.572396000000026
4.575035000000071
4.575187999999798
4.575567000000007
4.577266000000009
4.577790000000277
4.577988999999889
4.578555999999935
4.578834000000029
4.579704999999876
4.579848000000084
4.580801999999949
4.582275000000209
4.582517999999936
4.583311999999978
4.584834000000001
4.585395000000062
4.585590000000138
4.5860009999998965
4.586063999999624
4.586431000000175
4.587238999999954
4.587682000000086
4.588126999999986
4.588560000000143
4.5886209999998755
4.5891710000000785
4.589596999999912
4.589648000000125
4.589968999999996
4.5902790000000095
4.5905149999998685
4.590898000000038
4.591325000000097
4.59150800000009
4.593367999999828
4.595989000000003
4.596073999999987
4.596084000000246
4.596557000000075
4.596952999999758
4.5990620000000035
4.599627999999939
4.599952999999914
4.600793000000067
4.602343000000019
4.6087720000000445
4.610360000000128
4.611308000000008
4.612028000000009
4.612096000000065
4.612578000000212
4.613969999999881
4.614289999999983
4.61463700000013
4.614677999999913
4.614720000000034
4.61553200000003
4.6158879999998135
4.617655000000013
4.620742999999948
4.622209000000112
4.623289999999997
4.624009000000115
4.624581999999975
4.627368999999931
4.627611999999999
4.628074000000197
4.6282790000000205
4.62857600000001
4.629591999999775
4.6312699999998586
4.631689000000279
4.632659999999987
4.637721000000056
4.638316999999915
4.641583000000082
4.646390999999994
4.647121999999968
4.647506000000021
4.64920699999999
4.651344000000336
4.6514469999997345
4.65423200000032
4.655854999999974
4.65635599999996
4.657720000000154
4.663988000000018
4.664063999999598
4.667728999999781
4.669517999999698
4.670698000000357
4.675649000000249
4.678737000000183
4.679078000000118
4.681013999999777
4.683741999999938
4.685099999999977
4.685694000000012
4.6886530000001585
4.689327000000048
4.690159000000222
4.690801999999849
4.69327700000008
4.693792000000002
4.695292000000109
4.696258999999827
4.704815000000053
4.705340000000206
4.706176000000141
4.706205999999838
4.7075330000002396
4.716089000000011
4.716904999999997
4.719141000000036
4.719780000000355
4.720037999999931
4.722907999999961
4.7270110000000045
4.733544999999822
4.733635999999933
4.736269999999877
4.739255999999841
4.745710000000145
4.747359999999844
4.749388999999837
4.753824000000009
4.754563999999988
4.756193000000167
4.7576789999998255
4.760457999999971
4.760612000000037
4.761265000000094
4.762257000000005
4.762643999999909
4.764010999999982
4.767050000000154
4.767368000000033
4.768774000000121
4.770646999999997
4.771607000000131
4.771764999999959
4.772436000000198
4.77363600000001
4.774229999999989
4.7762259999999515
4.77767700000004
4.778498000000127
4.780243999999996
4.781047000000058
4.781536999999844
4.782389000000023
4.782996999999995
4.783046000000013
4.7855899999999565
4.785855000000083
4.786281999999801
4.786669999999958
4.786699999999655
4.7872409999999945
4.788038000000142
4.789919999999711
4.790760000000006
4.790805999999975
4.792156999999861
4.7924229999998715
4.794148999999834
4.794253000000026
4.796256
4.801058000000012
4.805468999999903
4.808583999999996
4.812401999999793
4.813632999999982
4.815214000000196
4.8178049999999075
4.819423000000029
4.820077000000083
4.822635999999989
4.823838000000251
4.824515000000019
4.826663999999937
4.82799
4.8285610000002634
4.8297090000000935
4.829911000000038
4.830308000000002
4.831369999999879
4.83257599999979
4.833078999999998
4.8348859999998695
4.835117000000082
4.835977999999955
4.838396999999986
4.838487000000441
4.8391639999999825
4.839841999999976
4.84182799999985
4.842059000000063
4.843574999999987
4.843621000000013
4.845158000000083
4.846486000000368
4.848975999999993
4.849987000000056
4.850247000000081
4.850808000000029
4.850999000000229
4.851061999999956
4.851695000000291
4.852344000000016
4.8528409999998985
4.85331199999996
4.853325000000041
4.853549999999814
4.8536139999998795
4.853621999999973
4.853922000000011
4.854105000000004
4.854962
4.855011999999988
4.8551400000001195
4.855367999999999
4.8562950000000455
4.856507000000079
4.857704999999896
4.858827999999903
4.859680000000026
4.859748000000309
4.859908999999789
4.859952000000021
4.860181999999895
4.860243999999966
4.86201600000004
4.863327000000027
4.863691999999958
4.863941000000068
4.863943000000063
4.863989999999831
4.864398000000051
4.865284000000003
4.8656349999999975
4.8667969999996785
4.86692499999981
4.867254000000003
4.867260999999871
4.867539999999963
4.868530000000192
4.868746000000101
4.868804999999952
4.868946999999935
4.869844999999714
4.869928999999956
4.870148999999969
4.871204000000034
4.871212000000014
4.871351000000004
4.87164400000006
4.87200699999994
4.872167999999874
4.873379999999997
4.8735700000002
4.873673999999937
4.873829999999998
4.874520000000302
4.875036999999963
4.876076999999896
4.878083999999944
4.879557
4.879849999999919
4.8800280000000384
4.880067000000054
4.880083000000013
4.880192999999963
4.881232000000182
4.881761000000097
4.8820300000002135
4.882328999999999
4.884237999999868
4.885005999999976
4.885203000000047
4.885322999999971
4.885323999999855
4.885683999999856
4.88609200000019
4.886336999999912
4.886633999999958
4.887140999999929
4.887306999999964
4.8874569999999835
4.887596999999914
4.887604999999894
4.887818000000152
4.887827000000016
4.887891999999965
4.888129999999819
4.888626000000045
4.888723000000027
4.8888279999996485
4.889114000000063
4.889548000000104
4.889656000000286
4.890011999999842
4.890190999999959
4.8902879999996
4.890374999999949
4.8907970000000205
4.891078999999991
4.891091000000415
4.891511000000037
4.892158000000109
4.892268999999942
4.892346000000089
4.892370000000028
4.892397999999957
4.892667999999958
4.892832999999996
4.893379000000095
4.893571000000065
4.8942980000000205
4.894525999999985
4.894778000000088
4.894950999999992
4.894968999999946
4.895418999999947
4.8957399999999325
4.895877000000382
4.895933000000241
4.89640600000007
4.89655700000003
4.896735999999976
4.896979000000101
4.897010000000023
4.897370000000137
4.897374000000127
4.897492000000057
4.897636000000148
4.8977279999999155
4.89836299999979
4.898417000000109
4.899087000000009
4.899227999999766
4.899300999999923
4.899319999999989
4.899732000000313
4.900364999999965
4.901147999999921
4.901842999999872
4.902086999999938
4.902714000000003
4.903093000000013
4.904008999999974
4.904508999999962
4.905295000000024
4.905702000000019
4.90645399999994
4.907613999999967
4.907815999999912
4.914126000000124
4.9155680000000075
4.921426999999994
4.934298000000126
4.944839000000229
4.948698000000036
4.948861999999735
4.960295999999971
4.97117900000012
4.976161000000047
4.977054999999837
4.979309999999998
4.985030999999935
4.989270000000033
4.992627999999968
4.993905000000268
4.997451000000012
4.9985420000000005
5.00565000000006
5.0059859999998935
5.017543999999816
5.01767800000016
5.024750999999924
5.0320469999999204
5.0322570000000155
5.0337889999999845
5.034669000000122
5.0381609999999455
5.039583999999991
5.040980000000005
5.041472999999996
5.044932000000244
5.049797999999981
5.051746999999978
5.056828999999993
5.058082999999897
5.060580000000073
5.064440999999988
5.065943000000061
5.068709000000126
5.074094999999943
5.077941999999894
5.078113999999914
5.078713000000334
5.080176999999821
5.0804270000001
5.081096000000343
5.082819999999629
5.08284999999978
5.083676999999625
5.086250000000064
5.086883000000398
5.092414999999846
5.093791999999993
5.09690999999998
5.097995999999966
5.099980999999843
5.10128799999984
5.104195000000004
5.1048999999999864
5.106808000000001
5.107192000000168
5.108673000000181
5.109519000000091
5.114865999999893
5.121050000000196
5.122416999999928
5.123576000000185
5.12467300000003
5.125769999999989
5.126645000000281
5.126961000000165
5.12871599999994
5.131139999999959
5.133684999999787
5.133686000000125
5.135272000000214
5.136893000000001
5.138088999999923
5.1388070000000425
5.139398000000028
5.1421080000000075
5.142501999999922
5.143601000000103
5.143688000000111
5.144521999999597
5.145995999999968
5.146385999999893
5.1472499999999854
5.151037000000088
5.151192999999694
5.152102999999897
5.153448000000026
5.153642999999647
5.153831000000082
5.154594999999972
5.155108
5.155635000000075
5.157199999999989
5.157370000000014
5.158966999999848
5.1592930000001616
5.159482000000025
5.1599340000002485
5.16222300000004
5.1648680000000695
5.165001999999959
5.165945000000008
5.167214999999999
5.167549000000008
5.170515000000023
5.172448000000259
5.173956999999973
5.175052999999934
5.175283000000036
5.176011999999901
5.3043270000000575
5.31595399999992
5.412666000000172
5.419413999999961
5.420313999999962
5.428476000000046
5.428754000000026
5.433672999999999
5.450144000000023
5.456237000000101
5.557757000000038
4.959999998845888E-4,0.00061652281134401973
5.129999999553547E-4,0.00123304562268803946
5.159999996067199E-4,0.00184956843403205919
5.169999999452557E-4,0.00246609124537607891
5.470000000968867E-4,0.00308261405672009864
5.510000000867876E-4,0.00369913686806411837
5.55999999960477E-4,0.00431565967940813810
5.579999999554275E-4,0.00493218249075215783
5.660000001626031E-4,0.00554870530209617756
5.750000000261934E-4,0.00616522811344019729
5.779999996775587E-4,0.00678175092478421702
5.78999999959251E-4,0.00739827373612823674
5.86000000112108E-4,0.00801479654747225647
6.100000000515138E-4,0.00863131935881627620
6.130000001576263E-4,0.00924784217016029593
6.180000000313157E-4,0.00986436498150431566
6.239999997887935E-4,0.01048088779284833539
6.300000000010186E-4,0.01109741060419235512
6.450000000768341E-4,0.01171393341553637485
6.579999999871688E-4,0.01233045622688039457
6.590000000414875E-4,0.01294697903822441430
6.599999996979022E-4,0.01356350184956843403
6.619999999202264E-4,0.01418002466091245376
6.639999996878032E-4,0.01479654747225647349
6.660000003648747E-4,0.01541307028360049322
6.679999996777042E-4,0.01602959309494451295
6.720000000086657E-4,0.01664611590628853268
6.74000000117303E-4,0.01726263871763255240
7.020000000466098E-4,0.01787916152897657213
7.120000000213622E-4,0.01849568434032059186
7.259999999860156E-4,0.01911220715166461159
7.630000000062864E-4,0.01972872996300863132
8.080000002337329E-4,0.02034525277435265105
8.239999999659631E-4,0.02096177558569667078
8.740000002944726E-4,0.02157829839704069051
0.0017630000000963264,0.02219482120838471023
0.0017930000000205837,0.02281134401972872996
0.002753000000211614,0.02342786683107274969
0.002753000000211614,0.02404438964241676942
0.002782000000024709,0.02466091245376078915
0.004092000000127882,0.02527743526510480888
0.0046830000001136796,0.02589395807644882861
0.004812000000129046,0.02651048088779284834
0.004833999999846128,0.02712700369913686806
0.005148000000076536,0.02774352651048088779
0.00536099999999351,0.02836004932182490752
0.005382000000054177,0.02897657213316892725
0.005943000000115717,0.02959309494451294698
0.006094999999959327,0.03020961775585696671
0.00663800000000947,0.03082614056720098644
0.007036999999996851,0.03144266337854500617
0.008285999999770866,0.03205918618988902589
0.008576000000061867,0.03267570900123304562
0.008632000000034168,0.03329223181257706535
0.008832999999867752,0.03390875462392108508
0.009324999999989814,0.03452527743526510481
0.009677000000010594,0.03514180024660912454
0.009770000000003165,0.03575832305795314427
0.00996400000030917,0.03637484586929716400
0.010203000000274187,0.03699136868064118372
0.011095000000068467,0.03760789149198520345
0.011277999999947497,0.03822441430332922318
0.011696999999912805,0.03884093711467324291
0.012397999999848253,0.03945745992601726264
0.012769999999818538,0.04007398273736128237
0.013287999999874955,0.04069050554870530210
0.01448400000026595,0.04130702836004932182
0.015320999999971718,0.04192355117139334155
0.015778999999952248,0.04254007398273736128
0.01589400000000296,0.04315659679408138101
0.0161239999999907,0.04377311960542540074
0.01632100000006176,0.04438964241676942047
0.01644299999998111,0.04500616522811344020
0.016501999999945838,0.04562268803945745993
0.017137999999704334,0.04623921085080147965
0.017197000000123808,0.04685573366214549938
0.017229999999926804,0.04747225647348951911
0.017493999999999232,0.04808877928483353884
0.017790000000104556,0.04870530209617755857
0.01783499999999094,0.04932182490752157830
0.01784700000007433,0.04993834771886559803
0.018945000000030632,0.05055487053020961776
0.0190820000000258,0.05117139334155363748
0.019248000000061438,0.05178791615289765721
0.019274999999879583,0.05240443896424167694
0.019279000000096858,0.05302096177558569667
0.01972200000000157,0.05363748458692971640
0.020058999999946536,0.05425400739827373613
0.020095000000310392,0.05487053020961775586
0.020142999999734457,0.05548705302096177559
0.02017399999999725,0.05610357583230579531
0.020696999999927357,0.05672009864364981504
0.02087500000016007,0.05733662145499383477
0.02105699999992794,0.05795314426633785450
0.02121900000003052,0.05856966707768187423
0.02179599999999482,0.05918618988902589396
0.021930999999995038,0.05980271270036991369
0.021960000000035507,0.06041923551171393342
0.021974000000227534,0.06103575832305795314
0.022725999999920532,0.06165228113440197287
0.022818000000370375,0.06226880394574599260
0.02282500000001164,0.06288532675709001233
0.023254999999608117,0.06350184956843403206
0.02380200000015975,0.06411837237977805179
0.023865999999998166,0.06473489519112207152
0.0242319999999836,0.06535141800246609125
0.02486000000000388,0.06596794081381011097
0.025063999999929365,0.06658446362515413070
0.026045999999951164,0.06720098643649815043
0.02665099999967424,0.06781750924784217016
0.026864999999816064,0.06843403205918618989
0.027454000000034284,0.06905055487053020962
0.02783299999987321,0.06966707768187422935
0.028637999999773456,0.07028360049321824908
0.029540999999881024,0.07090012330456226880
0.029686000000026525,0.07151664611590628853
0.02987999999982094,0.07213316892725030826
0.029888999999911903,0.07274969173859432799
0.030865000000062537,0.07336621454993834772
0.030948999999964144,0.07398273736128236745
0.03156399999988935,0.07459926017262638718
0.03197300000010728,0.07521578298397040691
0.03217499999982465,0.07583230579531442663
0.033660000000054424,0.07644882860665844636
0.033836000000064814,0.07706535141800246609
0.03490700000020297,0.07768187422934648582
0.035130999999992696,0.07829839704069050555
0.035186999999950785,0.07891491985203452528
0.03551599999991595,0.07953144266337854501
0.03585300000031566,0.08014796547472256473
0.03649599999971542,0.08076448828606658446
0.03665000000000873,0.08138101109741060419
0.03686799999999835,0.08199753390875462392
0.03690599999981714,0.08261405672009864365
0.03733899999999579,0.08323057953144266338
0.03771499999993466,0.08384710234278668311
0.03774199999998018,0.08446362515413070284
0.03775199999972756,0.08508014796547472256
0.03805299999999079,0.08569667077681874229
0.03813300000000197,0.08631319358816276202
0.038209000000051674,0.08692971639950678175
0.03830999999991036,0.08754623921085080148
0.03840900000000147,0.08816276202219482121
0.0387800000000027,0.08877928483353884094
0.03964000000019041,0.08939580764488286067
0.040443999999979496,0.09001233045622688039
0.04107099999998809,0.09062885326757090012
0.041639000000031956,0.09124537607891491985
0.042623000000048705,0.09186189889025893958
0.042797000000064145,0.09247842170160295931
0.04469300000005205,0.09309494451294697904
0.04636500000015076,0.09371146732429099877
0.04638999999997395,0.09432799013563501850
0.046587999999701424,0.09494451294697903822
0.046942000000058215,0.09556103575832305795
0.04730799999992996,0.09617755856966707768
0.04893099999981132,0.09679408138101109741
0.04987000000005537,0.09741060419235511714
0.050058999999976095,0.09802712700369913687
0.05016299999988405,0.09864364981504315660
0.05098999999972875,0.09926017262638717633
0.051427000000330736,0.09987669543773119605
0.05188899999984642,0.10049321824907521578
0.05191599999989194,0.10110974106041923551
0.0520409999999174,0.10172626387176325524
0.05238200000007964,0.10234278668310727497
0.05309999999985848,0.10295930949445129470
0.05321100000000456,0.10357583230579531443
0.05334099999981845,0.10419235511713933416
0.05357099999991988,0.10480887792848335388
0.053693000000066604,0.10542540073982737361
0.054372000000057596,0.10604192355117139334
0.05451700000003257,0.10665844636251541307
0.05456600000002254,0.10727496917385943280
0.05480199999965407,0.10789149198520345253
0.05519200000003366,0.10850801479654747226
0.05524300000001858,0.10912453760789149199
0.0554349999997612,0.10974106041923551171
0.0554939999999533,0.11035758323057953144
0.055849000000002036,0.11097410604192355117
0.05628300000000763,0.11159062885326757090
0.05818700000008903,0.11220715166461159063
0.05914400000006026,0.11282367447595561036
0.05918399999995927,0.11344019728729963009
0.05960899999990943,0.11405672009864364982
0.059633000000005154,0.11467324290998766954
0.05975599999999304,0.11528976572133168927
0.06000999999992018,0.11590628853267570900
0.06037900000001173,0.11652281134401972873
0.061082999999825915,0.11713933415536374846
0.06257199999981822,0.11775585696670776819
0.06353100000023915,0.11837237977805178792
0.0636650000001282,0.11898890258939580764
0.06413100000000327,0.11960542540073982737
0.06417400000009366,0.12022194821208384710
0.06471499999997832,0.12083847102342786683
0.06484100000011495,0.12145499383477188656
0.06512199999997392,0.12207151664611590629
0.06595900000002075,0.12268803945745992602
0.06612799999993513,0.12330456226880394575
0.0680080000001908,0.12392108508014796547
0.06809500000008484,0.12453760789149198520
0.06843299999991359,0.12515413070283600493
0.06873500000000377,0.12577065351418002466
0.06946000000016284,0.12638717632552404439
0.06960900000012771,0.12700369913686806412
0.0702449999998862,0.12762022194821208385
0.0704000000000633,0.12823674475955610358
0.07087599999999838,0.12885326757090012330
0.07140800000024683,0.12946979038224414303
0.071418999999878,0.13008631319358816276
0.07200399999965157,0.13070283600493218249
0.07207500000004075,0.13131935881627620222
0.07230099999969752,0.13193588162762022195
0.07235800000000836,0.13255240443896424168
0.07244699999955628,0.13316892725030826141
0.07245599999987462,0.13378545006165228113
0.07252900000003137,0.13440197287299630086
0.0726919999999609,0.13501849568434032059
0.07320399999980509,0.13563501849568434032
0.07429799999999886,0.13625154130702836005
0.07732900000002019,0.13686806411837237978
0.07735400000001391,0.13748458692971639951
0.07790899999997691,0.13810110974106041924
0.07883700000002136,0.13871763255240443896
0.07885299999998097,0.13933415536374845869
0.07929100000001199,0.13995067817509247842
0.07947899999999208,0.14056720098643649815
0.08096199999999953,0.14118372379778051788
0.08099599999968632,0.14180024660912453761
0.08102300000018658,0.14241676942046855734
0.08138200000030338,0.14303329223181257707
0.08179500000005646,0.14364981504315659679
0.08195700000032957,0.14426633785450061652
0.08292900000014924,0.14488286066584463625
0.08312399999999798,0.14549938347718865598
0.08355899999999394,0.14611590628853267571
0.0839019999998527,0.14673242909987669544
0.08481499999993503,0.14734895191122071517
0.08495999999968262,0.14796547472256473490
0.08575300000029529,0.14858199753390875462
0.08623600000009901,0.14919852034525277435
0.08656899999994039,0.14981504315659679408
0.086591999999996,0.15043156596794081381
0.08659400000033202,0.15104808877928483354
0.08680899999990288,0.15166461159062885327
0.08733699999993405,0.15228113440197287300
0.08904899999993177,0.15289765721331689273
0.08975099999997838,0.15351418002466091245
0.09274300000015501,0.15413070283600493218
0.09314499999982218,0.15474722564734895191
0.0938970000001973,0.15536374845869297164
0.09421500000007654,0.15598027127003699137
0.09500499999998624,0.15659679408138101110
0.09541600000011385,0.15721331689272503083
0.09552500000017972,0.15782983970406905055
0.09583799999973053,0.15844636251541307028
0.0967920000000504,0.15906288532675709001
0.09727199999997538,0.15967940813810110974
0.09763499999999681,0.16029593094944512947
0.09865399999989677,0.16091245376078914920
0.09867499999995744,0.16152897657213316893
0.09918999999990774,0.16214549938347718866
0.09928100000001905,0.16276202219482120838
0.09935100000006969,0.16337854500616522811
0.10100499999998647,0.16399506781750924784
0.10141099999987091,0.16461159062885326757
0.10160700000000134,0.16522811344019728730
0.10163300000021991,0.16584463625154130703
0.10163599999998496,0.16646115906288532676
0.103483999999753,0.16707768187422934649
0.10463100000001191,0.16769420468557336621
0.10478600000033111,0.16831072749691738594
0.10495200000013938,0.16892725030826140567
0.10508500000014465,0.16954377311960542540
0.10509000000001834,0.17016029593094944513
0.10549899999978152,0.17077681874229346486
0.10586000000000695,0.17139334155363748459
0.10651299999972252,0.17200986436498150432
0.10821400000008907,0.17262638717632552404
0.10912499999994907,0.17324290998766954377
0.10956799999985378,0.17385943279901356350
0.11065999999999576,0.17447595561035758323
0.11121899999989182,0.17509247842170160296
0.11216500000000451,0.17570900123304562269
0.11265499999990425,0.17632552404438964242
0.11290199999984907,0.17694204685573366215
0.11314500000003136,0.17755856966707768187
0.11338399999999638,0.17817509247842170160
0.1137260000000424,0.17879161528976572133
0.11390299999993658,0.17940813810110974106
0.11430300000006355,0.18002466091245376079
0.11436200000002827,0.18064118372379778052
0.11532999999985805,0.18125770653514180025
0.11576700000000528,0.18187422934648581998
0.11598600000024817,0.18249075215782983970
0.11610799999994015,0.18310727496917385943
0.11635100000000875,0.18372379778051787916
0.11674100000027465,0.18434032059186189889
0.11698699999988094,0.18495684340320591862
0.11770300000011957,0.18557336621454993835
0.11792300000001887,0.18618988902589395808
0.11816799999996874,0.18680641183723797781
0.11876900000000035,0.18742293464858199753
0.11912500000016735,0.18803945745992601726
0.11912800000004609,0.18865598027127003699
0.11929200000031415,0.18927250308261405672
0.11957200000006196,0.18988902589395807645
0.12039400000003297,0.19050554870530209618
0.12045700000021498,0.19112207151664611591
0.12054699999998775,0.19173859432799013564
0.12174499999991895,0.19235511713933415536
0.1218509999998787,0.19297163995067817509
0.12185500000009597,0.19358816276202219482
0.1221219999999903,0.19420468557336621455
0.12254600000005667,0.19482120838471023428
0.12289700000002313,0.19543773119605425401
0.12340599999993174,0.19605425400739827374
0.1238839999996344,0.19667077681874229346
0.12410799999997835,0.19728729963008631319
0.12422900000001391,0.19790382244143033292
0.12436299999990297,0.19852034525277435265
0.12446299999999155,0.19913686806411837238
0.12459799999987808,0.19975339087546239211
0.12464700000009543,0.20036991368680641184
0.12662100000034116,0.20098643649815043157
0.12740200000007462,0.20160295930949445129
0.128327999999982,0.20221948212083847102
0.1284069999996973,0.20283600493218249075
0.1293869999999515,0.20345252774352651048
0.1309200000000601,0.20406905055487053021
0.13168799999994008,0.20468557336621454994
0.1324470000000133,0.20530209617755856967
0.13245500000000732,0.20591861898890258940
0.13267599999971935,0.20653514180024660912
0.13310099999989689,0.20715166461159062885
0.1334590000001299,0.20776818742293464858
0.13358100000004924,0.20838471023427866831
0.13401100000010047,0.20900123304562268804
0.13452400000005582,0.20961775585696670777
0.1346880000000965,0.21023427866831072750
0.13482999999996537,0.21085080147965474723
0.13519300000007206,0.21146732429099876695
0.13574800000014875,0.21208384710234278668
0.13599099999964892,0.21270036991368680641
0.1381019999998898,0.21331689272503082614
0.13815900000008696,0.21393341553637484587
0.13856000000001245,0.21454993834771886560
0.13922900000011396,0.21516646115906288533
0.13953100000026097,0.21578298397040690506
0.1398110000000088,0.21639950678175092478
0.14001299999972616,0.21701602959309494451
0.14028099999995902,0.21763255240443896424
0.1405099999999493,0.21824907521578298397
0.14131799999995565,0.21886559802712700370
0.14152799999999388,0.21948212083847102343
0.1417199999998502,0.22009864364981504316
0.14176599999973405,0.22071516646115906289
0.14284799999995812,0.22133168927250308261
0.1428809999999885,0.22194821208384710234
0.14330199999994875,0.22256473489519112207
0.14378599999986363,0.22318125770653514180
0.14445500000010725,0.22379778051787916153
0.14526300000034098,0.22441430332922318126
0.1455110000001696,0.22503082614056720099
0.14630699999997887,0.22564734895191122072
0.1464339999999993,0.22626387176325524044
0.14651200000002973,0.22688039457459926017
0.14661599999999453,0.22749691738594327990
0.1467889999998988,0.22811344019728729963
0.14711400000032882,0.22872996300863131936
0.14769200000000637,0.22934648581997533909
0.14779100000009748,0.22996300863131935882
0.1487090000000535,0.23057953144266337855
0.14874300000019502,0.23119605425400739827
0.14888599999994767,0.23181257706535141800
0.15072600000007697,0.23242909987669543773
0.1520069999999123,0.23304562268803945746
0.1527110000000107,0.23366214549938347719
0.15279800000007526,0.23427866831072749692
0.15382800000043062,0.23489519112207151665
0.15434700000002977,0.23551171393341553637
0.1562959999996565,0.23612823674475955610
0.15681500000027881,0.23674475955610357583
0.15728200000012293,0.23736128236744759556
0.15729000000010274,0.23797780517879161529
0.1575079999997797,0.23859432799013563502
0.15874000000000876,0.23921085080147965475
0.15880799999990813,0.23982737361282367448
0.15895999999975174,0.24044389642416769420
0.16216800000006515,0.24106041923551171393
0.16268999999999778,0.24167694204685573366
0.16312900000002628,0.24229346485819975339
0.16367799999989074,0.24290998766954377312
0.1653000000001157,0.24352651048088779285
0.16830899999990834,0.24414303329223181258
0.16898199999991448,0.24475955610357583231
0.1699039999998604,0.24537607891491985203
0.17015100000025996,0.24599260172626387176
0.17128300000013041,0.24660912453760789149
0.17193300000008094,0.24722564734895191122
0.1729659999996329,0.24784217016029593095
0.17336000000022977,0.24845869297163995068
0.17345399999999245,0.24907521578298397041
0.17405199999996057,0.24969173859432799014
0.17420799999999304,0.25030826140567200986
0.17421300000000883,0.25092478421701602959
0.17551099999991493,0.25154130702836004932
0.17558900000040012,0.25215782983970406905
0.17578099999991537,0.25277435265104808878
0.1765760000000114,0.25339087546239210851
0.1767930000000888,0.25400739827373612824
0.176817999999912,0.25462392108508014797
0.1769869999999969,0.25524044389642416769
0.1770419999998012,0.25585696670776818742
0.17733099999998103,0.25647348951911220715
0.17748100000017075,0.25709001233045622688
0.17751399999997375,0.25770653514180024661
0.17783200000008037,0.25832305795314426634
0.17793899999969653,0.25893958076448828607
0.1786140000000387,0.25955610357583230580
0.17915199999970355,0.26017262638717632552
0.17931900000007772,0.26078914919852034525
0.17996000000039203,0.26140567200986436498
0.18088499999976193,0.26202219482120838471
0.1815959999998995,0.26263871763255240444
0.1829529999999977,0.26325524044389642417
0.18330700000001343,0.26387176325524044390
0.1851929999997992,0.26448828606658446363
0.18533500000012282,0.26510480887792848335
0.18603100000018458,0.26572133168927250308
0.1865099999999984,0.26633785450061652281
0.18667000000004919,0.26695437731196054254
0.1877039999999397,0.26757090012330456227
0.1880630000000565,0.26818742293464858200
0.18819799999982934,0.26880394574599260173
0.1884219999999459,0.26942046855733662145
0.18919899999991685,0.27003699136868064118
0.1892809999999976,0.27065351418002466091
0.19008100000019112,0.27127003699136868064
0.19156300000003057,0.27188655980271270037
0.19159200000012788,0.27250308261405672010
0.19229700000005323,0.27311960542540073983
0.1944740000000138,0.27373612823674475956
0.19479599999999664,0.27435265104808877928
0.1950010000000475,0.27496917385943279901
0.1950730000000931,0.27558569667077681874
0.19508300000006784,0.27620221948212083847
0.19718599999998787,0.27681874229346485820
0.19833500000004278,0.27743526510480887793
0.1983860000000277,0.27805178791615289766
0.20016599999985374,0.27866831072749691739
0.20223499999974592,0.27928483353884093711
0.2022980000000132,0.27990135635018495684
0.20350099999996019,0.28051787916152897657
0.20376600000008693,0.28113440197287299630
0.20414700000014818,0.28175092478421701603
0.2047979999999825,0.28236744759556103576
0.2068610000001172,0.28298397040690505549
0.2069610000000921,0.28360049321824907522
0.20805300000006355,0.28421701602959309494
0.20935000000008586,0.28483353884093711467
0.21122599999989689,0.28545006165228113440
0.21187399999985246,0.28606658446362515413
0.2134329999998954,0.28668310727496917386
0.2145050000000026,0.28729963008631319359
0.21465600000010454,0.28791615289765721332
0.21473599999990256,0.28853267570900123305
0.21521100000006754,0.28914919852034525277
0.21595700000011675,0.28976572133168927250
0.2170139999998355,0.29038224414303329223
0.21724900000026537,0.29099876695437731196
0.21742799999992712,0.29161528976572133169
0.21901699999989432,0.29223181257706535142
0.22122200000012526,0.29284833538840937115
0.2213769999998476,0.29346485819975339088
0.22152599999981248,0.29408138101109741060
0.2218399999999292,0.29469790382244143033
0.2233569999998508,0.29531442663378545006
0.22411299999998846,0.29593094944512946979
0.22470799999973678,0.29654747225647348952
0.2265899999999874,0.29716399506781750925
0.22675799999979063,0.29778051787916152898
0.22684300000003077,0.29839704069050554871
0.22749199999998382,0.29901356350184956843
0.22794500000009066,0.29963008631319358816
0.22883200000001125,0.30024660912453760789
0.22889900000006946,0.30086313193588162762
0.22976300000004812,0.30147965474722564735
0.22996800000009898,0.30209617755856966708
0.23044400000003407,0.30271270036991368681
0.23057600000038292,0.30332922318125770654
0.23645900000019537,0.30394574599260172626
0.2371610000000146,0.30456226880394574599
0.23817300000018804,0.30517879161528976572
0.23849299999983486,0.30579531442663378545
0.2387149999999565,0.30641183723797780518
0.2410859999999957,0.30702836004932182491
0.24123499999996056,0.30764488286066584464
0.24242400000002817,0.30826140567200986436
0.24309100000004946,0.30887792848335388409
0.24466400000005706,0.30949445129469790382
0.2447379999999839,0.31011097410604192355
0.2447899999999663,0.31072749691738594328
0.24508100000002742,0.31134401972872996301
0.24575000000004366,0.31196054254007398274
0.24606800000015028,0.31257706535141800247
0.24627900000041336,0.31319358816276202219
0.24666400000000976,0.31381011097410604192
0.24705500000004577,0.31442663378545006165
0.24801899999999932,0.31504315659679408138
0.24850100000003295,0.31565967940813810111
0.2507740000000922,0.31627620221948212084
0.25084700000024895,0.31689272503082614057
0.25159800000005816,0.31750924784217016030
0.25223700000015015,0.31812577065351418002
0.25253400000002557,0.31874229346485819975
0.25289500000008047,0.31935881627620221948
0.25309900000002017,0.31997533908754623921
0.2532380000000103,0.32059186189889025894
0.25362200000017765,0.32120838471023427867
0.25582600000007005,0.32182490752157829840
0.2560000000000855,0.32244143033292231813
0.2563310000000456,0.32305795314426633785
0.25745499999993626,0.32367447595561035758
0.25802599999997256,0.32429099876695437731
0.25907600000005004,0.32490752157829839704
0.25956300000007104,0.32552404438964241677
0.26143600000000333,0.32614056720098643650
0.26157000000011976,0.32675709001233045623
0.26339099999995597,0.32737361282367447596
0.2649970000002213,0.32799013563501849568
0.2672979999997551,0.32860665844636251541
0.2673409999999876,0.32922318125770653514
0.2680239999999685,0.32983970406905055487
0.2698029999999676,0.33045622688039457460
0.27037699999993947,0.33107274969173859433
0.2713469999998779,0.33168927250308261406
0.2715530000000399,0.33230579531442663379
0.27305699999988065,0.33292231812577065351
0.2754700000000412,0.33353884093711467324
0.27601400000003196,0.33415536374845869297
0.27795100000003004,0.33477188655980271270
0.2782240000001366,0.33538840937114673243
0.27835600000025806,0.33600493218249075216
0.2784149999999954,0.33662145499383477189
0.27996699999994235,0.33723797780517879162
0.2802000000001499,0.33785450061652281134
0.28137900000001537,0.33847102342786683107
0.28141199999981836,0.33908754623921085080
0.2822799999999006,0.33970406905055487053
0.282502999999906,0.34032059186189889026
0.28251000000000204,0.34093711467324290999
0.28260500000010325,0.34155363748458692972
0.28307300000005853,0.34217016029593094945
0.2840430000001106,0.34278668310727496917
0.28511399999979403,0.34340320591861898890
0.2851980000000367,0.34401972872996300863
0.28541199999995115,0.34463625154130702836
0.28664500000013504,0.34525277435265104809
0.2869339999999738,0.34586929716399506782
0.28725699999999676,0.34648581997533908755
0.28888800000004267,0.34710234278668310727
0.28923299999996743,0.34771886559802712700
0.29087200000003577,0.34833538840937114673
0.2909270000000106,0.34895191122071516646
0.2935309999998026,0.34956843403205918619
0.2938139999999976,0.35018495684340320592
0.2950379999999768,0.35080147965474722565
0.2959319999999934,0.35141800246609124538
0.2962800000000243,0.35203452527743526510
0.2967149999999492,0.35265104808877928483
0.2972559999998339,0.35326757090012330456
0.2978670000002239,0.35388409371146732429
0.29837099999986094,0.35450061652281134402
0.2988070000000107,0.35511713933415536375
0.2990279999999075,0.35573366214549938348
0.30267800000001444,0.35635018495684340321
0.3073349999999664,0.35696670776818742293
0.3095250000001215,0.35758323057953144266
0.31236200000012104,0.35819975339087546239
0.3130780000001323,0.35881627620221948212
0.3139569999998457,0.35943279901356350185
0.31445400000006885,0.36004932182490752158
0.3163059999997131,0.36066584463625154131
0.31757900000002337,0.36128236744759556104
0.3196219999999812,0.36189889025893958076
0.3199860000000001,0.36251541307028360049
0.32063800000014453,0.36313193588162762022
0.32127900000023146,0.36374845869297163995
0.32251700000006167,0.36436498150431565968
0.3227360000000772,0.36498150431565967941
0.323701999999912,0.36559802712700369914
0.32528800000000047,0.36621454993834771887
0.3257250000001477,0.36683107274969173859
0.32860100000016246,0.36744759556103575832
0.3291439999998147,0.36806411837237977805
0.3310469999998986,0.36868064118372379778
0.33267000000000735,0.36929716399506781751
0.3341089999998985,0.36991368680641183724
0.33760300000017196,0.37053020961775585697
0.33809100000007675,0.37114673242909987670
0.34033799999997427,0.37176325524044389642
0.34035899999980757,0.37237977805178791615
0.3429900000000998,0.37299630086313193588
0.3439450000000761,0.37361282367447595561
0.3451869999998962,0.37422934648581997534
0.3470119999999497,0.37484586929716399507
0.34731699999997545,0.37546239210850801480
0.347774999999956,0.37607891491985203453
0.3488820000002306,0.37669543773119605425
0.3489489999999904,0.37731196054254007398
0.3528430000001208,0.37792848335388409371
0.35503700000026583,0.37854500616522811344
0.3557420000001912,0.37916152897657213317
0.3564179999999624,0.37977805178791615290
0.35865499999999884,0.38039457459926017263
0.36103800000000774,0.38101109741060419236
0.3613239999999678,0.38162762022194821208
0.36304199999995035,0.38224414303329223181
0.3686840000000302,0.38286066584463625154
0.3692559999999503,0.38347718865598027127
0.3697930000002998,0.38409371146732429100
0.37045400000010886,0.38471023427866831073
0.3710060000000226,0.38532675709001233046
0.37132400000018606,0.38594327990135635018
0.3714400000000069,0.38655980271270036991
0.3731440000001385,0.38717632552404438964
0.3732010000000088,0.38779284833538840937
0.3760250000000269,0.38840937114673242910
0.37710400000000277,0.38902589395807644883
0.378193999999894,0.38964241676942046856
0.3785600000001068,0.39025893958076448829
0.37878200000022844,0.39087546239210850801
0.3795350000000326,0.39149198520345252774
0.3807919999999285,0.39210850801479654747
0.3807970000000296,0.39272503082614056720
0.38262399999985064,0.39334155363748458693
0.38444299999991927,0.39395807644882860666
0.38582200000001876,0.39457459926017262639
0.3869170000000395,0.39519112207151664612
0.3897919999999431,0.39580764488286066584
0.3912519999998949,0.39642416769420468557
0.39182999999997037,0.39704069050554870530
0.39225300000001084,0.39765721331689272503
0.39470899999969333,0.39827373612823674476
0.3948970000000145,0.39889025893958076449
0.3957550000000083,0.39950678175092478422
0.39659099999994396,0.40012330456226880395
0.3981829999997899,0.40073982737361282367
0.3984179999999924,0.40135635018495684340
0.3984229999996387,0.40197287299630086313
0.3985360000001492,0.40258939580764488286
0.40146699999968405,0.40320591861898890259
0.4043179999998756,0.40382244143033292232
0.4060850000000755,0.40443896424167694205
0.41033900000002177,0.40505548705302096178
0.41037000000000035,0.40567200986436498150
0.4110410000000684,0.40628853267570900123
0.41286200000013196,0.40690505548705302096
0.41386899999997695,0.40752157829839704069
0.4140980000001946,0.40813810110974106042
0.4149680000000444,0.40875462392108508015
0.41569499999968684,0.40937114673242909988
0.41754900000000816,0.40998766954377311961
0.42827199999987897,0.41060419235511713933
0.42864000000008673,0.41122071516646115906
0.42892200000005687,0.41183723797780517879
0.430499999999995,0.41245376078914919852
0.43317799999999806,0.41307028360049321825
0.4355639999998857,0.41368680641183723798
0.437610000000177,0.41430332922318125771
0.4385250000000269,0.41491985203452527744
0.44115899999997055,0.41553637484586929716
0.44141999999965265,0.41615289765721331689
0.44311000000016065,0.41676942046855733662
0.4449770000001081,0.41738594327990135635
0.44536700000003293,0.41800246609124537608
0.44683000000003403,0.41861898890258939581
0.4475609999999506,0.41923551171393341554
0.44845600000007835,0.41985203452527743527
0.4487659999999778,0.42046855733662145499
0.44881499999996777,0.42108508014796547472
0.4504660000000058,0.42170160295930949445
0.451162999999724,0.42231812577065351418
0.45268899999973655,0.42293464858199753391
0.45519000000012966,0.42355117139334155364
0.45650000000023283,0.42416769420468557337
0.4570770000000266,0.42478421701602959309
0.4576399999998557,0.42540073982737361282
0.4590489999998226,0.42601726263871763255
0.459069999999997,0.42663378545006165228
0.46098699999993187,0.42725030826140567201
0.4614080000001195,0.42786683107274969174
0.4633170000001883,0.42848335388409371147
0.4654840000000604,0.42909987669543773120
0.4676609999999073,0.42971639950678175092
0.46838000000002467,0.43033292231812577065
0.4716680000001361,0.43094944512946979038
0.47221899999976813,0.43156596794081381011
0.47254900000007183,0.43218249075215782984
0.4735809999999674,0.43279901356350184957
0.47461699999996654,0.43341553637484586930
0.4768759999997201,0.43403205918618988903
0.4794080000001486,0.43464858199753390875
0.4796319999999952,0.43526510480887792848
0.4800399999999172,0.43588162762022194821
0.48116699999991397,0.43649815043156596794
0.48133199999983844,0.43711467324290998767
0.48375799999996616,0.43773119605425400740
0.4875539999999887,0.43834771886559802713
0.4880519999999251,0.43896424167694204686
0.4898049999997056,0.43958076448828606658
0.49069699999995464,0.44019728729963008631
0.4933690000000297,0.44081381011097410604
0.4942960000000767,0.44143033292231812577
0.4946820000000116,0.44204685573366214550
0.49473199999999906,0.44266337854500616523
0.4948359999998502,0.44327990135635018496
0.49534300000004805,0.44389642416769420469
0.4994779999997263,0.44451294697903822441
0.5000850000001265,0.44512946979038224414
0.5009469999999965,0.44574599260172626387
0.5023380000000088,0.44636251541307028360
0.5025059999999257,0.44697903822441430333
0.508382999999867,0.44759556103575832306
0.5096650000000409,0.44821208384710234279
0.5136779999999135,0.44882860665844636252
0.5154519999998683,0.44944512946979038224
0.5172910000000002,0.45006165228113440197
0.5180019999997967,0.45067817509247842170
0.518098000000009,0.45129469790382244143
0.5188959999998133,0.45191122071516646116
0.5213000000001102,0.45252774352651048089
0.5215270000000203,0.45314426633785450062
0.5220309999999699,0.45376078914919852035
0.5243690000002061,0.45437731196054254007
0.5287459999999555,0.45499383477188655980
0.5315599999998994,0.45561035758323057953
0.5318210000000079,0.45622688039457459926
0.5357089999999971,0.45684340320591861899
0.5370490000000245,0.45745992601726263872
0.5413899999999785,0.45807644882860665845
0.5414160000000265,0.45869297163995067818
0.5438399999998182,0.45930949445129469790
0.5451629999997749,0.45992601726263871763
0.5476529999996274,0.46054254007398273736
0.547841999999946,0.46115906288532675709
0.5490279999999075,0.46177558569667077682
0.5492309999999634,0.46239210850801479655
0.5518999999999323,0.46300863131935881628
0.5534840000000258,0.46362515413070283600
0.5558469999996305,0.46424167694204685573
0.5634489999999914,0.46485819975339087546
0.5642239999999674,0.46547472256473489519
0.564585999999963,0.46609124537607891492
0.5670959999999923,0.46670776818742293465
0.5687520000000177,0.46732429099876695438
0.5797749999996995,0.46794081381011097411
0.5825160000001688,0.46855733662145499383
0.5846630000000346,0.46917385943279901356
0.5915850000000091,0.46979038224414303329
0.5940089999999145,0.47040690505548705302
0.5946460000000009,0.47102342786683107275
0.5962300000001051,0.47163995067817509248
0.5974559999999656,0.47225647348951911221
0.5979600000000005,0.47287299630086313194
0.6008280000000923,0.47348951911220715166
0.6020950000001903,0.47410604192355117139
0.6035640000000058,0.47472256473489519112
0.6065459999999803,0.47533908754623921085
0.6081080000003567,0.47595561035758323058
0.6142730000000256,0.47657213316892725031
0.6161850000003142,0.47718865598027127004
0.6207110000000284,0.47780517879161528977
0.6227569999999787,0.47842170160295930949
0.6279949999999417,0.47903822441430332922
0.6295479999998861,0.47965474722564734895
0.6295959999999923,0.48027127003699136868
0.6333639999998013,0.48088779284833538841
0.6372860000000173,0.48150431565967940814
0.6433569999999236,0.48212083847102342787
0.6455799999999954,0.48273736128236744760
0.6457110000001194,0.48335388409371146732
0.6485349999998107,0.48397040690505548705
0.6526050000002215,0.48458692971639950678
0.6543740000000042,0.48520345252774352651
0.654707000000144,0.48581997533908754624
0.6590009999999893,0.48643649815043156597
0.6674570000000131,0.48705302096177558570
0.6732620000002498,0.48766954377311960543
0.6753450000000072,0.48828606658446362515
0.6883980000002339,0.48890258939580764488
0.6912779999997838,0.48951911220715166461
0.7113809999999994,0.49013563501849568434
0.7117869999999584,0.49075215782983970407
0.7135650000000169,0.49136868064118372380
0.7140590000003613,0.49198520345252774353
0.7158369999997376,0.49260172626387176326
0.717583999999988,0.49321824907521578298
0.7200860000000375,0.49383477188655980271
0.7232050000000072,0.49445129469790382244
0.7232820000000402,0.49506781750924784217
0.7239420000000791,0.49568434032059186190
0.7241080000003421,0.49630086313193588163
0.7313030000000253,0.49691738594327990136
0.7375090000000455,0.49753390875462392109
0.7411130000000412,0.49815043156596794081
0.7469179999999938,0.49876695437731196054
0.7508769999999458,0.49938347718865598027
0.7509220000000028,0.50000000000000000000
0.7522500000000036,0.50061652281134401973
0.7531930000000102,0.50123304562268803946
0.7589069999999083,0.50184956843403205919
0.7599230000000148,0.50246609124537607891
0.7693730000000869,0.50308261405672009864
0.7811659999999847,0.50369913686806411837
0.7812900000003538,0.50431565967940813810
0.786391999999978,0.50493218249075215783
0.7915769999999611,0.50554870530209617756
0.7936930000000757,0.50616522811344019729
0.7939330000001519,0.50678175092478421702
0.79912000000013,0.50739827373612823674
0.8038729999999532,0.50801479654747225647
0.8052959999999985,0.50863131935881627620
0.8100109999999958,0.50924784217016029593
0.8153139999999439,0.50986436498150431566
0.8157160000000658,0.51048088779284833539
0.8170959999997649,0.51109741060419235512
0.8174360000002707,0.51171393341553637485
0.8181139999999232,0.51233045622688039457
0.8195309999999836,0.51294697903822441430
0.8283340000000408,0.51356350184956843403
0.8393120000000636,0.51418002466091245376
0.8515539999999646,0.51479654747225647349
0.8537500000000477,0.51541307028360049322
0.8550510000000031,0.51602959309494451295
0.8561919999999645,0.51664611590628853268
0.8592730000000302,0.51726263871763255240
0.8612459999999373,0.51787916152897657213
0.8718389999999943,0.51849568434032059186
0.8874920000000657,0.51911220715166461159
0.9209640000003674,0.51972872996300863132
0.9230800000000272,0.52034525277435265105
0.9253579999999602,0.52096177558569667078
0.9419450000000325,0.52157829839704069051
0.9532329999999547,0.52219482120838471023
0.9585829999998623,0.52281134401972872996
0.9642199999999548,0.52342786683107274969
0.9852219999997942,0.52404438964241676942
1.0025339999999971,0.52466091245376078915
1.0031800000001567,0.52527743526510480888
1.0079040000000532,0.52589395807644882861
1.02909899999986,0.52651048088779284834
1.030147999999997,0.52712700369913686806
1.0493940000001203,0.52774352651048088779
1.0626219999999194,0.52836004932182490752
1.0634370000000217,0.52897657213316892725
1.0769970000001194,0.52959309494451294698
1.0951289999998153,0.53020961775585696671
1.10569200000009,0.53082614056720098644
1.1089099999999803,0.53144266337854500617
1.1213910000001306,0.53205918618988902589
1.1519050000001698,0.53267570900123304562
1.1828249999999798,0.53329223181257706535
1.1969859999999244,0.53390875462392108508
1.2039279999999053,0.53452527743526510481
1.2042819999996937,0.53514180024660912454
1.2233079999996335,0.53575832305795314427
1.2499939999997878,0.53637484586929716400
1.2770889999999326,0.53699136868064118372
1.2835139999999683,0.53760789149198520345
1.3216699999999264,0.53822441430332922318
1.3331530000000384,0.53884093711467324291
1.3460840000002463,0.53945745992601726264
1.3547340000000077,0.54007398273736128237
1.3642789999998968,0.54069050554870530210
1.365126,0.54130702836004932182
1.3672839999999837,0.54192355117139334155
1.3729929999999513,0.54254007398273736128
1.4056120000000014,0.54315659679408138101
1.4070919999999205,0.54377311960542540074
1.4220729999999833,0.54438964241676942047
1.4228129999996781,0.54500616522811344020
1.4228140000000167,0.54562268803945745993
1.4258730000001378,0.54623921085080147965
1.4282519999999295,0.54685573366214549938
1.4288259999998445,0.54747225647348951911
1.479595000000245,0.54808877928483353884
1.4912540000000263,0.54870530209617755857
1.5310890000000086,0.54932182490752157830
1.5457190000000196,0.54993834771886559803
1.5475159999999732,0.55055487053020961776
1.5576489999998557,0.55117139334155363748
1.5639000000001033,0.55178791615289765721
1.6476379999999153,0.55240443896424167694
1.6532390000002124,0.55302096177558569667
1.6577790000001187,0.55363748458692971640
1.6965879999997924,0.55425400739827373613
1.7224340000002485,0.55487053020961775586
1.863016,0.55548705302096177559
1.8846800000001167,0.55610357583230579531
1.919076000000132,0.55672009864364981504
2.067222000000015,0.55733662145499383477
2.0973950000002333,0.55795314426633785450
2.121120000000019,0.55856966707768187423
2.1690489999996316,0.55918618988902589396
2.176400000000285,0.55980271270036991369
2.188556999999946,0.56041923551171393342
2.2990389999999934,0.56103575832305795314
2.3786989999998696,0.56165228113440197287
2.470184000000245,0.56226880394574599260
2.482657999999901,0.56288532675709001233
2.585228000000029,0.56350184956843403206
2.5926030000000537,0.56411837237977805179
2.698675000000094,0.56473489519112207152
2.7386160000000928,0.56535141800246609125
2.9475009999998747,0.56596794081381011097
3.0167669999999998,0.56658446362515413070
3.0251869999997325,0.56720098643649815043
3.0377059999996163,0.56781750924784217016
3.050328999999998,0.56843403205918618989
3.0989849999999706,0.56905055487053020962
3.1323270000002594,0.56966707768187422935
3.145195000000058,0.57028360049321824908
3.1474599999996826,0.57090012330456226880
3.175159999999778,0.57151664611590628853
3.178455999999983,0.57213316892725030826
3.2087289999999484,0.57274969173859432799
3.3011380000002646,0.57336621454993834772
3.3357930000001943,0.57398273736128236745
3.3547930000000292,0.57459926017262638718
3.3693379999999706,0.57521578298397040691
3.423567999999932,0.57583230579531442663
3.432525000000169,0.57644882860665844636
3.433979999999792,0.57706535141800246609
3.450290000000223,0.57768187422934648582
3.4680480000000102,0.57829839704069050555
3.4729199999997036,0.57891491985203452528
3.5542089999999007,0.57953144266337854501
3.570430000000215,0.58014796547472256473
3.5931909999999334,0.58076448828606658446
3.6017930000000433,0.58138101109741060419
3.604656000000002,0.58199753390875462392
3.60789299999999,0.58261405672009864365
3.614217999999994,0.58323057953144266338
3.628255000000081,0.58384710234278668311
3.6460550000001604,0.58446362515413070284
3.6658360000001267,0.58508014796547472256
3.66594299999997,0.58569667077681874229
3.675514000000021,0.58631319358816276202
3.6803769999999076,0.58692971639950678175
3.684860000000299,0.58754623921085080148
3.694105000000036,0.58816276202219482121
3.6965110000001005,0.58877928483353884094
3.7149339999998574,0.58939580764488286067
3.7268550000000005,0.59001233045622688039
3.730909000000338,0.59062885326757090012
3.7351209999999924,0.59124537607891491985
3.759338000000298,0.59186189889025893958
3.776572999999985,0.59247842170160295931
3.7857079999999996,0.59309494451294697904
3.80313000000001,0.59371146732429099877
3.8045280000001185,0.59432799013563501850
3.8073750000000928,0.59494451294697903822
3.8258489999998346,0.59556103575832305795
3.8314410000000407,0.59617755856966707768
3.834879000000001,0.59679408138101109741
3.843861000000004,0.59741060419235511714
3.8744010000000344,0.59802712700369913687
3.8825820000000135,0.59864364981504315660
3.8828719999996792,0.59926017262638717633
3.921850000000063,0.59987669543773119605
3.927292000000307,0.60049321824907521578
3.940994000000046,0.60110974106041923551
3.9412820000002284,0.60172626387176325524
3.947145999999975,0.60234278668310727497
3.954125999999974,0.60295930949445129470
3.9600319999999556,0.60357583230579531443
3.969007000000147,0.60419235511713933416
3.977617999999893,0.60480887792848335388
3.987500000000182,0.60542540073982737361
3.987905999999839,0.60604192355117139334
3.9898139999999955,0.60665844636251541307
3.9951189999999315,0.60727496917385943280
3.9992489999999634,0.60789149198520345253
4.001472999999805,0.60850801479654747226
4.006772999999612,0.60912453760789149199
4.012410000000045,0.60974106041923551171
4.0134780000000205,0.61035758323057953144
4.01638099999991,0.61097410604192355117
4.038438000000042,0.61159062885326757090
4.039743999999928,0.61220715166461159063
4.039827000000059,0.61282367447595561036
4.044585999999981,0.61344019728729963009
4.0449350000000095,0.61405672009864364982
4.048601999999846,0.61467324290998766954
4.061220999999932,0.61528976572133168927
4.075835000000097,0.61590628853267570900
4.076169999999934,0.61652281134401972873
4.079713000000083,0.61713933415536374846
4.080238999999892,0.61775585696670776819
4.082812999999987,0.61837237977805178792
4.0885159999997995,0.61898890258939580764
4.093265999999858,0.61960542540073982737
4.0952330000000075,0.62022194821208384710
4.100439999999708,0.62083847102342786683
4.109681000000023,0.62145499383477188656
4.110189999999875,0.62207151664611590629
4.110860000000002,0.62268803945745992602
4.112194000000272,0.62330456226880394575
4.1161010000000715,0.62392108508014796547
4.130429999999706,0.62453760789149198520
4.140880999999808,0.62515413070283600493
4.152069999999981,0.62577065351418002466
4.160847999999987,0.62638717632552404439
4.180061999999907,0.62700369913686806412
4.185395000000199,0.62762022194821208385
4.204100999999994,0.62823674475955610358
4.206928000000062,0.62885326757090012330
4.207163999999921,0.62946979038224414303
4.2076240000001235,0.63008631319358816276
4.208847999999989,0.63070283600493218249
4.21808400000009,0.63131935881627620222
4.229264000000057,0.63193588162762022195
4.235150999999995,0.63255240443896424168
4.239177999999811,0.63316892725030826141
4.239652000000206,0.63378545006165228113
4.240669999999994,0.63440197287299630086
4.255163000000039,0.63501849568434032059
4.259378999999967,0.63563501849568434032
4.261070000000018,0.63625154130702836005
4.266492000000028,0.63686806411837237978
4.27007599999979,0.63748458692971639951
4.278589999999895,0.63810110974106041924
4.282456999999965,0.63871763255240443896
4.282693000000108,0.63933415536374845869
4.283674999999995,0.63995067817509247842
4.284586999999988,0.64056720098643649815
4.286450999999943,0.64118372379778051788
4.287206999999853,0.64180024660912453761
4.288220999999794,0.64241676942046855734
4.28837899999985,0.64303329223181257707
4.288857999999891,0.64364981504315659679
4.291112000000112,0.64426633785450061652
4.292245999999977,0.64488286066584463625
4.293836000000056,0.64549938347718865598
4.294795000000249,0.64611590628853267571
4.294990999999982,0.64673242909987669544
4.296182999999928,0.64734895191122071517
4.29623800000013,0.64796547472256473490
4.298884000000015,0.64858199753390875462
4.300107000000025,0.64919852034525277435
4.300267999999988,0.64981504315659679408
4.302541000000019,0.65043156596794081381
4.305781999999908,0.65104808877928483354
4.309660999999892,0.65166461159062885327
4.31245899999999,0.65228113440197287300
4.316454999999678,0.65289765721331689273
4.320545999999922,0.65351418002466091245
4.325189000000137,0.65413070283600493218
4.3264540000000125,0.65474722564734895191
4.329498999999942,0.65536374845869297164
4.3310180000000855,0.65598027127003699137
4.341565999999602,0.65659679408138101110
4.343670999999631,0.65721331689272503083
4.346080000000029,0.65782983970406905055
4.3464179999999715,0.65844636251541307028
4.347421000000168,0.65906288532675709001
4.348389999999995,0.65967940813810110974
4.349969999999985,0.66029593094944512947
4.354421000000002,0.66091245376078914920
4.354583000000048,0.66152897657213316893
4.356197000000066,0.66214549938347718866
4.357346999999891,0.66276202219482120838
4.357532999999876,0.66337854500616522811
4.3578449999999975,0.66399506781750924784
4.360855999999785,0.66461159062885326757
4.367643000000044,0.66522811344019728730
4.378341000000091,0.66584463625154130703
4.381467000000043,0.66646115906288532676
4.391946999999959,0.66707768187422934649
4.394549999999981,0.66769420468557336621
4.400679000000082,0.66831072749691738594
4.4022919999999885,0.66892725030826140567
4.402971999999977,0.66954377311960542540
4.411141999999998,0.67016029593094944513
4.411618999999973,0.67077681874229346486
4.421540999999706,0.67139334155363748459
4.422922000000028,0.67200986436498150432
4.425916000000029,0.67262638717632552404
4.432088999999905,0.67324290998766954377
4.433985000000121,0.67385943279901356350
4.438463999999954,0.67447595561035758323
4.445276000000149,0.67509247842170160296
4.446898000000033,0.67570900123304562269
4.447202999999945,0.67632552404438964242
4.449645999999575,0.67694204685573366215
4.451508999999987,0.67755856966707768187
4.452009000000089,0.67817509247842170160
4.452873999999838,0.67879161528976572133
4.460299999999734,0.67940813810110974106
4.460457000000002,0.68002466091245376079
4.461058000000037,0.68064118372379778052
4.475349999999935,0.68125770653514180025
4.488829000000003,0.68187422934648581998
4.491210000000137,0.68249075215782983970
4.491269999999986,0.68310727496917385943
4.492831000000024,0.68372379778051787916
4.494656000000305,0.68434032059186189889
4.494685000000118,0.68495684340320591862
4.494889999999941,0.68557336621454993835
4.4953930000000355,0.68618988902589395808
4.4990380000003825,0.68680641183723797781
4.500733999999738,0.68742293464858199753
4.505488000000014,0.68803945745992601726
4.511527000000115,0.68865598027127003699
4.527720000000045,0.68927250308261405672
4.531123999999636,0.68988902589395807645
4.532576999999947,0.69050554870530209618
4.53293500000018,0.69112207151664611591
4.534599999999955,0.69173859432799013564
4.541995999999926,0.69235511713933415536
4.544462999999951,0.69297163995067817509
4.55023099999994,0.69358816276202219482
4.551038000000062,0.69420468557336621455
4.5529569999998785,0.69482120838471023428
4.557684999999992,0.69543773119605425401
4.559079000000111,0.69605425400739827374
4.561983000000055,0.69667077681874229346
4.562831999999997,0.69728729963008631319
4.566462000000001,0.69790382244143033292
4.566996000000017,0.69852034525277435265
4.568630999999982,0.69913686806411837238
4.56948999999986,0.69975339087546239211
4.571410999999998,0.70036991368680641184
4.571721000000025,0.70098643649815043157
4.572396000000026,0.70160295930949445129
4.575035000000071,0.70221948212083847102
4.575187999999798,0.70283600493218249075
4.575567000000007,0.70345252774352651048
4.577266000000009,0.70406905055487053021
4.577790000000277,0.70468557336621454994
4.577988999999889,0.70530209617755856967
4.578555999999935,0.70591861898890258940
4.578834000000029,0.70653514180024660912
4.579704999999876,0.70715166461159062885
4.579848000000084,0.70776818742293464858
4.580801999999949,0.70838471023427866831
4.582275000000209,0.70900123304562268804
4.582517999999936,0.70961775585696670777
4.583311999999978,0.71023427866831072750
4.584834000000001,0.71085080147965474723
4.585395000000062,0.71146732429099876695
4.585590000000138,0.71208384710234278668
4.5860009999998965,0.71270036991368680641
4.586063999999624,0.71331689272503082614
4.586431000000175,0.71393341553637484587
4.587238999999954,0.71454993834771886560
4.587682000000086,0.71516646115906288533
4.588126999999986,0.71578298397040690506
4.588560000000143,0.71639950678175092478
4.5886209999998755,0.71701602959309494451
4.5891710000000785,0.71763255240443896424
4.589596999999912,0.71824907521578298397
4.589648000000125,0.71886559802712700370
4.589968999999996,0.71948212083847102343
4.5902790000000095,0.72009864364981504316
4.5905149999998685,0.72071516646115906289
4.590898000000038,0.72133168927250308261
4.591325000000097,0.72194821208384710234
4.59150800000009,0.72256473489519112207
4.593367999999828,0.72318125770653514180
4.595989000000003,0.72379778051787916153
4.596073999999987,0.72441430332922318126
4.596084000000246,0.72503082614056720099
4.596557000000075,0.72564734895191122072
4.596952999999758,0.72626387176325524044
4.5990620000000035,0.72688039457459926017
4.599627999999939,0.72749691738594327990
4.599952999999914,0.72811344019728729963
4.600793000000067,0.72872996300863131936
4.602343000000019,0.72934648581997533909
4.6087720000000445,0.72996300863131935882
4.610360000000128,0.73057953144266337855
4.611308000000008,0.73119605425400739827
4.612028000000009,0.73181257706535141800
4.612096000000065,0.73242909987669543773
4.612578000000212,0.73304562268803945746
4.613969999999881,0.73366214549938347719
4.614289999999983,0.73427866831072749692
4.61463700000013,0.73489519112207151665
4.614677999999913,0.73551171393341553637
4.614720000000034,0.73612823674475955610
4.61553200000003,0.73674475955610357583
4.6158879999998135,0.73736128236744759556
4.617655000000013,0.73797780517879161529
4.620742999999948,0.73859432799013563502
4.622209000000112,0.73921085080147965475
4.623289999999997,0.73982737361282367448
4.624009000000115,0.74044389642416769420
4.624581999999975,0.74106041923551171393
4.627368999999931,0.74167694204685573366
4.627611999999999,0.74229346485819975339
4.628074000000197,0.74290998766954377312
4.6282790000000205,0.74352651048088779285
4.62857600000001,0.74414303329223181258
4.629591999999775,0.74475955610357583231
4.6312699999998586,0.74537607891491985203
4.631689000000279,0.74599260172626387176
4.632659999999987,0.74660912453760789149
4.637721000000056,0.74722564734895191122
4.638316999999915,0.74784217016029593095
4.641583000000082,0.74845869297163995068
4.646390999999994,0.74907521578298397041
4.647121999999968,0.74969173859432799014
4.647506000000021,0.75030826140567200986
4.64920699999999,0.75092478421701602959
4.651344000000336,0.75154130702836004932
4.6514469999997345,0.75215782983970406905
4.65423200000032,0.75277435265104808878
4.655854999999974,0.75339087546239210851
4.65635599999996,0.75400739827373612824
4.657720000000154,0.75462392108508014797
4.663988000000018,0.75524044389642416769
4.664063999999598,0.75585696670776818742
4.667728999999781,0.75647348951911220715
4.669517999999698,0.75709001233045622688
4.670698000000357,0.75770653514180024661
4.675649000000249,0.75832305795314426634
4.678737000000183,0.75893958076448828607
4.679078000000118,0.75955610357583230580
4.681013999999777,0.76017262638717632552
4.683741999999938,0.76078914919852034525
4.685099999999977,0.76140567200986436498
4.685694000000012,0.76202219482120838471
4.6886530000001585,0.76263871763255240444
4.689327000000048,0.76325524044389642417
4.690159000000222,0.76387176325524044390
4.690801999999849,0.76448828606658446363
4.69327700000008,0.76510480887792848335
4.693792000000002,0.76572133168927250308
4.695292000000109,0.76633785450061652281
4.696258999999827,0.76695437731196054254
4.704815000000053,0.76757090012330456227
4.705340000000206,0.76818742293464858200
4.706176000000141,0.76880394574599260173
4.706205999999838,0.76942046855733662145
4.7075330000002396,0.77003699136868064118
4.716089000000011,0.77065351418002466091
4.716904999999997,0.77127003699136868064
4.719141000000036,0.77188655980271270037
4.719780000000355,0.77250308261405672010
4.720037999999931,0.77311960542540073983
4.722907999999961,0.77373612823674475956
4.7270110000000045,0.77435265104808877928
4.733544999999822,0.77496917385943279901
4.733635999999933,0.77558569667077681874
4.736269999999877,0.77620221948212083847
4.739255999999841,0.77681874229346485820
4.745710000000145,0.77743526510480887793
4.747359999999844,0.77805178791615289766
4.749388999999837,0.77866831072749691739
4.753824000000009,0.77928483353884093711
4.754563999999988,0.77990135635018495684
4.756193000000167,0.78051787916152897657
4.7576789999998255,0.78113440197287299630
4.760457999999971,0.78175092478421701603
4.760612000000037,0.78236744759556103576
4.761265000000094,0.78298397040690505549
4.762257000000005,0.78360049321824907522
4.762643999999909,0.78421701602959309494
4.764010999999982,0.78483353884093711467
4.767050000000154,0.78545006165228113440
4.767368000000033,0.78606658446362515413
4.768774000000121,0.78668310727496917386
4.770646999999997,0.78729963008631319359
4.771607000000131,0.78791615289765721332
4.771764999999959,0.78853267570900123305
4.772436000000198,0.78914919852034525277
4.77363600000001,0.78976572133168927250
4.774229999999989,0.79038224414303329223
4.7762259999999515,0.79099876695437731196
4.77767700000004,0.79161528976572133169
4.778498000000127,0.79223181257706535142
4.780243999999996,0.79284833538840937115
4.781047000000058,0.79346485819975339088
4.781536999999844,0.79408138101109741060
4.782389000000023,0.79469790382244143033
4.782996999999995,0.79531442663378545006
4.783046000000013,0.79593094944512946979
4.7855899999999565,0.79654747225647348952
4.785855000000083,0.79716399506781750925
4.786281999999801,0.79778051787916152898
4.786669999999958,0.79839704069050554871
4.786699999999655,0.79901356350184956843
4.7872409999999945,0.79963008631319358816
4.788038000000142,0.80024660912453760789
4.789919999999711,0.80086313193588162762
4.790760000000006,0.80147965474722564735
4.790805999999975,0.80209617755856966708
4.792156999999861,0.80271270036991368681
4.7924229999998715,0.80332922318125770654
4.794148999999834,0.80394574599260172626
4.794253000000026,0.80456226880394574599
4.796256,0.80517879161528976572
4.801058000000012,0.80579531442663378545
4.805468999999903,0.80641183723797780518
4.808583999999996,0.80702836004932182491
4.812401999999793,0.80764488286066584464
4.813632999999982,0.80826140567200986436
4.815214000000196,0.80887792848335388409
4.8178049999999075,0.80949445129469790382
4.819423000000029,0.81011097410604192355
4.820077000000083,0.81072749691738594328
4.822635999999989,0.81134401972872996301
4.823838000000251,0.81196054254007398274
4.824515000000019,0.81257706535141800247
4.826663999999937,0.81319358816276202219
4.82799,0.81381011097410604192
4.8285610000002634,0.81442663378545006165
4.8297090000000935,0.81504315659679408138
4.829911000000038,0.81565967940813810111
4.830308000000002,0.81627620221948212084
4.831369999999879,0.81689272503082614057
4.83257599999979,0.81750924784217016030
4.833078999999998,0.81812577065351418002
4.8348859999998695,0.81874229346485819975
4.835117000000082,0.81935881627620221948
4.835977999999955,0.81997533908754623921
4.838396999999986,0.82059186189889025894
4.838487000000441,0.82120838471023427867
4.8391639999999825,0.82182490752157829840
4.839841999999976,0.82244143033292231813
4.84182799999985,0.82305795314426633785
4.842059000000063,0.82367447595561035758
4.843574999999987,0.82429099876695437731
4.843621000000013,0.82490752157829839704
4.845158000000083,0.82552404438964241677
4.846486000000368,0.82614056720098643650
4.848975999999993,0.82675709001233045623
4.849987000000056,0.82737361282367447596
4.850247000000081,0.82799013563501849568
4.850808000000029,0.82860665844636251541
4.850999000000229,0.82922318125770653514
4.851061999999956,0.82983970406905055487
4.851695000000291,0.83045622688039457460
4.852344000000016,0.83107274969173859433
4.8528409999998985,0.83168927250308261406
4.85331199999996,0.83230579531442663379
4.853325000000041,0.83292231812577065351
4.853549999999814,0.83353884093711467324
4.8536139999998795,0.83415536374845869297
4.853621999999973,0.83477188655980271270
4.853922000000011,0.83538840937114673243
4.854105000000004,0.83600493218249075216
4.854962,0.83662145499383477189
4.855011999999988,0.83723797780517879162
4.8551400000001195,0.83785450061652281134
4.855367999999999,0.83847102342786683107
4.8562950000000455,0.83908754623921085080
4.856507000000079,0.83970406905055487053
4.857704999999896,0.84032059186189889026
4.858827999999903,0.84093711467324290999
4.859680000000026,0.84155363748458692972
4.859748000000309,0.84217016029593094945
4.859908999999789,0.84278668310727496917
4.859952000000021,0.84340320591861898890
4.860181999999895,0.84401972872996300863
4.860243999999966,0.84463625154130702836
4.86201600000004,0.84525277435265104809
4.863327000000027,0.84586929716399506782
4.863691999999958,0.84648581997533908755
4.863941000000068,0.84710234278668310727
4.863943000000063,0.84771886559802712700
4.863989999999831,0.84833538840937114673
4.864398000000051,0.84895191122071516646
4.865284000000003,0.84956843403205918619
4.8656349999999975,0.85018495684340320592
4.8667969999996785,0.85080147965474722565
4.86692499999981,0.85141800246609124538
4.867254000000003,0.85203452527743526510
4.867260999999871,0.85265104808877928483
4.867539999999963,0.85326757090012330456
4.868530000000192,0.85388409371146732429
4.868746000000101,0.85450061652281134402
4.868804999999952,0.85511713933415536375
4.868946999999935,0.85573366214549938348
4.869844999999714,0.85635018495684340321
4.869928999999956,0.85696670776818742293
4.870148999999969,0.85758323057953144266
4.871204000000034,0.85819975339087546239
4.871212000000014,0.85881627620221948212
4.871351000000004,0.85943279901356350185
4.87164400000006,0.86004932182490752158
4.87200699999994,0.86066584463625154131
4.872167999999874,0.86128236744759556104
4.873379999999997,0.86189889025893958076
4.8735700000002,0.86251541307028360049
4.873673999999937,0.86313193588162762022
4.873829999999998,0.86374845869297163995
4.874520000000302,0.86436498150431565968
4.875036999999963,0.86498150431565967941
4.876076999999896,0.86559802712700369914
4.878083999999944,0.86621454993834771887
4.879557,0.86683107274969173859
4.879849999999919,0.86744759556103575832
4.8800280000000384,0.86806411837237977805
4.880067000000054,0.86868064118372379778
4.880083000000013,0.86929716399506781751
4.880192999999963,0.86991368680641183724
4.881232000000182,0.87053020961775585697
4.881761000000097,0.87114673242909987670
4.8820300000002135,0.87176325524044389642
4.882328999999999,0.87237977805178791615
4.884237999999868,0.87299630086313193588
4.885005999999976,0.87361282367447595561
4.885203000000047,0.87422934648581997534
4.885322999999971,0.87484586929716399507
4.885323999999855,0.87546239210850801480
4.885683999999856,0.87607891491985203453
4.88609200000019,0.87669543773119605425
4.886336999999912,0.87731196054254007398
4.886633999999958,0.87792848335388409371
4.887140999999929,0.87854500616522811344
4.887306999999964,0.87916152897657213317
4.8874569999999835,0.87977805178791615290
4.887596999999914,0.88039457459926017263
4.887604999999894,0.88101109741060419236
4.887818000000152,0.88162762022194821208
4.887827000000016,0.88224414303329223181
4.887891999999965,0.88286066584463625154
4.888129999999819,0.88347718865598027127
4.888626000000045,0.88409371146732429100
4.888723000000027,0.88471023427866831073
4.8888279999996485,0.88532675709001233046
4.889114000000063,0.88594327990135635018
4.889548000000104,0.88655980271270036991
4.889656000000286,0.88717632552404438964
4.890011999999842,0.88779284833538840937
4.890190999999959,0.88840937114673242910
4.8902879999996,0.88902589395807644883
4.890374999999949,0.88964241676942046856
4.8907970000000205,0.89025893958076448829
4.891078999999991,0.89087546239210850801
4.891091000000415,0.89149198520345252774
4.891511000000037,0.89210850801479654747
4.892158000000109,0.89272503082614056720
4.892268999999942,0.89334155363748458693
4.892346000000089,0.89395807644882860666
4.892370000000028,0.89457459926017262639
4.892397999999957,0.89519112207151664612
4.892667999999958,0.89580764488286066584
4.892832999999996,0.89642416769420468557
4.893379000000095,0.89704069050554870530
4.893571000000065,0.89765721331689272503
4.8942980000000205,0.89827373612823674476
4.894525999999985,0.89889025893958076449
4.894778000000088,0.89950678175092478422
4.894950999999992,0.90012330456226880395
4.894968999999946,0.90073982737361282367
4.895418999999947,0.90135635018495684340
4.8957399999999325,0.90197287299630086313
4.895877000000382,0.90258939580764488286
4.895933000000241,0.90320591861898890259
4.89640600000007,0.90382244143033292232
4.89655700000003,0.90443896424167694205
4.896735999999976,0.90505548705302096178
4.896979000000101,0.90567200986436498150
4.897010000000023,0.90628853267570900123
4.897370000000137,0.90690505548705302096
4.897374000000127,0.90752157829839704069
4.897492000000057,0.90813810110974106042
4.897636000000148,0.90875462392108508015
4.8977279999999155,0.90937114673242909988
4.89836299999979,0.90998766954377311961
4.898417000000109,0.91060419235511713933
4.899087000000009,0.91122071516646115906
4.899227999999766,0.91183723797780517879
4.899300999999923,0.91245376078914919852
4.899319999999989,0.91307028360049321825
4.899732000000313,0.91368680641183723798
4.900364999999965,0.91430332922318125771
4.901147999999921,0.91491985203452527744
4.901842999999872,0.91553637484586929716
4.902086999999938,0.91615289765721331689
4.902714000000003,0.91676942046855733662
4.903093000000013,0.91738594327990135635
4.904008999999974,0.91800246609124537608
4.904508999999962,0.91861898890258939581
4.905295000000024,0.91923551171393341554
4.905702000000019,0.91985203452527743527
4.90645399999994,0.92046855733662145499
4.907613999999967,0.92108508014796547472
4.907815999999912,0.92170160295930949445
4.914126000000124,0.92231812577065351418
4.9155680000000075,0.92293464858199753391
4.921426999999994,0.92355117139334155364
4.934298000000126,0.92416769420468557337
4.944839000000229,0.92478421701602959309
4.948698000000036,0.92540073982737361282
4.948861999999735,0.92601726263871763255
4.960295999999971,0.92663378545006165228
4.97117900000012,0.92725030826140567201
4.976161000000047,0.92786683107274969174
4.977054999999837,0.92848335388409371147
4.979309999999998,0.92909987669543773120
4.985030999999935,0.92971639950678175092
4.989270000000033,0.93033292231812577065
4.992627999999968,0.93094944512946979038
4.993905000000268,0.93156596794081381011
4.997451000000012,0.93218249075215782984
4.9985420000000005,0.93279901356350184957
5.00565000000006,0.93341553637484586930
5.0059859999998935,0.93403205918618988903
5.017543999999816,0.93464858199753390875
5.01767800000016,0.93526510480887792848
5.024750999999924,0.93588162762022194821
5.0320469999999204,0.93649815043156596794
5.0322570000000155,0.93711467324290998767
5.0337889999999845,0.93773119605425400740
5.034669000000122,0.93834771886559802713
5.0381609999999455,0.93896424167694204686
5.039583999999991,0.93958076448828606658
5.040980000000005,0.94019728729963008631
5.041472999999996,0.94081381011097410604
5.044932000000244,0.94143033292231812577
5.049797999999981,0.94204685573366214550
5.051746999999978,0.94266337854500616523
5.056828999999993,0.94327990135635018496
5.058082999999897,0.94389642416769420469
5.060580000000073,0.94451294697903822441
5.064440999999988,0.94512946979038224414
5.065943000000061,0.94574599260172626387
5.068709000000126,0.94636251541307028360
5.074094999999943,0.94697903822441430333
5.077941999999894,0.94759556103575832306
5.078113999999914,0.94821208384710234279
5.078713000000334,0.94882860665844636252
5.080176999999821,0.94944512946979038224
5.0804270000001,0.95006165228113440197
5.081096000000343,0.95067817509247842170
5.082819999999629,0.95129469790382244143
5.08284999999978,0.95191122071516646116
5.083676999999625,0.95252774352651048089
5.086250000000064,0.95314426633785450062
5.086883000000398,0.95376078914919852035
5.092414999999846,0.95437731196054254007
5.093791999999993,0.95499383477188655980
5.09690999999998,0.95561035758323057953
5.097995999999966,0.95622688039457459926
5.099980999999843,0.95684340320591861899
5.10128799999984,0.95745992601726263872
5.104195000000004,0.95807644882860665845
5.1048999999999864,0.95869297163995067818
5.106808000000001,0.95930949445129469790
5.107192000000168,0.95992601726263871763
5.108673000000181,0.96054254007398273736
5.109519000000091,0.96115906288532675709
5.114865999999893,0.96177558569667077682
5.121050000000196,0.96239210850801479655
5.122416999999928,0.96300863131935881628
5.123576000000185,0.96362515413070283600
5.12467300000003,0.96424167694204685573
5.125769999999989,0.96485819975339087546
5.126645000000281,0.96547472256473489519
5.126961000000165,0.96609124537607891492
5.12871599999994,0.96670776818742293465
5.131139999999959,0.96732429099876695438
5.133684999999787,0.96794081381011097411
5.133686000000125,0.96855733662145499383
5.135272000000214,0.96917385943279901356
5.136893000000001,0.96979038224414303329
5.138088999999923,0.97040690505548705302
5.1388070000000425,0.97102342786683107275
5.139398000000028,0.97163995067817509248
5.1421080000000075,0.97225647348951911221
5.142501999999922,0.97287299630086313194
5.143601000000103,0.97348951911220715166
5.143688000000111,0.97410604192355117139
5.144521999999597,0.97472256473489519112
5.145995999999968,0.97533908754623921085
5.146385999999893,0.97595561035758323058
5.1472499999999854,0.97657213316892725031
5.151037000000088,0.97718865598027127004
5.151192999999694,0.97780517879161528977
5.152102999999897,0.97842170160295930949
5.153448000000026,0.97903822441430332922
5.153642999999647,0.97965474722564734895
5.153831000000082,0.98027127003699136868
5.154594999999972,0.98088779284833538841
5.155108,0.98150431565967940814
5.155635000000075,0.98212083847102342787
5.157199999999989,0.98273736128236744760
5.157370000000014,0.98335388409371146732
5.158966999999848,0.98397040690505548705
5.1592930000001616,0.98458692971639950678
5.159482000000025,0.98520345252774352651
5.1599340000002485,0.98581997533908754624
5.16222300000004,0.98643649815043156597
5.1648680000000695,0.98705302096177558570
5.165001999999959,0.98766954377311960543
5.165945000000008,0.98828606658446362515
5.167214999999999,0.98890258939580764488
5.167549000000008,0.98951911220715166461
5.170515000000023,0.99013563501849568434
5.172448000000259,0.99075215782983970407
5.173956999999973,0.99136868064118372380
5.175052999999934,0.99198520345252774353
5.175283000000036,0.99260172626387176326
5.176011999999901,0.99321824907521578298
5.3043270000000575,0.99383477188655980271
5.31595399999992,0.99445129469790382244
5.412666000000172,0.99506781750924784217
5.419413999999961,0.99568434032059186190
5.420313999999962,0.99630086313193588163
5.428476000000046,0.99691738594327990136
5.428754000000026,0.99753390875462392109
5.433672999999999,0.99815043156596794081
5.450144000000023,0.99876695437731196054
5.456237000000101,0.99938347718865598027
5.557757000000038,1.00000000000000000000
