4.4299999990471406E-4
4.6000000000390173E-4
4.8100000003614696E-4
5.470000000968867E-4
5.529999999680513E-4
5.570000000716391E-4
5.6100000006154E-4
5.659999999352294E-4
5.699999996977567E-4
5.739999999150314E-4
5.770000000211439E-4
5.78000000132306E-4
5.839999998897838E-4
5.899999999883221E-4
6.00000000304135E-4
6.109999999353022E-4
6.120000000464643E-4
6.419999999707215E-4
6.43999999965672E-4
6.43999999965672E-4
6.440000001930457E-4
6.500000001778972E-4
6.509999998343119E-4
6.520000000591608E-4
6.53000000056636E-4
6.639999996878032E-4
6.739999998899293E-4
7.540000000290092E-4
0.0012440000000424334
0.0022620000004280882
0.0022990000002209854
0.0029140000001461885
0.0032429999999976644
0.0037729999999100983
0.004037000000153057
0.004086000000143031
0.004251000000067506
0.00425100000029488
0.00427399999989575
0.004355999999916094
0.0045780000000377186
0.004631000000003382
0.004649999999855936
0.005069999999705033
0.005932000000029802
0.006131999999979598
0.006184000000303058
0.006268000000090979
0.0063559999998688
0.007407999999941239
0.007632000000057815
0.008685000000241416
0.009058999999979278
0.00908100000003742
0.009303999999929147
0.009428999999727239
0.010045999999874766
0.010598999999956504
0.010604999999941356
0.010774999999966894
0.012343000000328175
0.012901999999940017
0.01324299999998857
0.013592000000244298
0.013853999999923872
0.014475000000004457
0.014773999999988519
0.015571999999792752
0.015696000000389176
0.015988999999990483
0.01608299999998053
0.01818199999979697
0.018208000000186075
0.018681000000015047
0.018884999999954744
0.0189170000003287
0.019325000000208092
0.01989800000001196
0.019992000000002008
0.02070000000003347
0.02086700000000974
0.020973999999966964
0.021099000000049273
0.021320000000059736
0.022921999999994114
0.02343000000007578
0.02348299999999881
0.024529000000029555
0.02476099999989856
0.024788999999998396
0.025251999999909458
0.026695999999901687
0.026884999999992942
0.02722300000004907
0.0272979999999734
0.027362999999922977
0.02841599999965183
0.02850599999987935
0.02876200000036988
0.02897399999994832
0.02935099999990598
0.030684000000292144
0.031029999999987012
0.03122799999982817
0.03132600000003549
0.03177000000005137
0.03360899999995581
0.03364400000009482
0.03412800000023708
0.034586000000000894
0.035499000000072556
0.03582500000001687
0.03783800000019255
0.03799600000002101
0.03826299999991534
0.03846900000007736
0.03887299999996685
0.0393699999999626
0.039551000000074055
0.03960099999994782
0.03969399999959933
0.040700999999998544
0.04161900000008245
0.04162900000028458
0.04212200000006305
0.043000000000006366
0.044334000000048945
0.044970000000034815
0.04604700000027151
0.04678199999989374
0.04729699999984405
0.04764999999997599
0.04775100000006205
0.04776999999990039
0.04857399999991685
0.049115000000028886
0.0492360000000005
0.050272000000177286
0.05045399999971778
0.05162599999999884
0.05194200000005367
0.05198199999995268
0.05231200000000058
0.054030999999667984
0.05500100000017483
0.05608699999993405
0.05862700000000132
0.05874099999982718
0.05922500000042419
0.05922599999985323
0.05930100000023231
0.05932699999993929
0.06107999999994718
0.0616280000003826
0.06241900000000555
0.06323300000008203
0.06365600000003724
0.06456600000001345
0.06586000000015702
0.06634899999994559
0.06702600000005532
0.06710499999996955
0.06806599999993068
0.06879100000000449
0.06931700000006913
0.07021399999996447
0.07052100000009887
0.07096000000001368
0.07100799999989249
0.07175400000005538
0.07200200000033874
0.07310599999982514
0.07457499999998163
0.07512100000030841
0.07555700000011711
0.07624500000019907
0.0765110000002096
0.07684699999981603
0.07820200000014665
0.07840799999996761
0.07840900000019246
0.07933800000000701
0.0824760000000424
0.08277799999996205
0.08341199999995297
0.0844280000001163
0.08460700000000543
0.08549700000003213
0.0856420000000071
0.08595000000002528
0.08597899999995207
0.08611800000016956
0.08620399999972506
0.08652099999994789
0.0879050000000916
0.08907099999987622
0.08938699999998789
0.08952999999974054
0.08961600000020553
0.08968199999981152
0.08971800000017538
0.09127399999999852
0.09158899999999903
0.09241500000007363
0.09249700000009398
0.09289500000022599
0.09524099999998725
0.09547399999996742
0.09838099999979022
0.0988750000001346
0.09972300000026735
0.10001099999999497
0.1000819999999294
0.1005659999996169
0.1010759999999209
0.10116999999996779
0.10142999999993663
0.10254799999984243
0.10260399999970105
0.1026600000000144
0.10276900000008027
0.10347600000000057
0.10349399999995512
0.10353699999996024
0.10433800000009796
0.10469599999987622
0.10593700000003992
0.1060139999999592
0.1075740000001133
0.10848300000000677
0.10854000000000497
0.11061699999982011
0.11143800000013471
0.11181799999985742
0.11197900000001937
0.11261300000023766
0.1127990000002228
0.11281599999983882
0.11455799999998817
0.11519900000030248
0.1154189999999744
0.11609600000002729
0.11674800000037067
0.11788500000011481
0.11825099999987287
0.11880599999994956
0.12046100000009119
0.12075600000025588
0.12081800000032672
0.12118099999997867
0.12129400000003443
0.12180299999999988
0.12240999999994528
0.12262299999997595
0.12296000000014828
0.12360400000034133
0.12360700000022007
0.12446399999998903
0.12523499999997512
0.12629999999990105
0.12656699999979537
0.12662100000034116
0.1272489999996651
0.12768399999959001
0.1288759999999911
0.12996000000021013
0.13027099999999336
0.13180400000010195
0.13202899999987494
0.13255900000001475
0.13275999999996202
0.1332479999998668
0.1341429999997672
0.13419900000008056
0.13499899999987974
0.13512700000001132
0.13525699999991048
0.1356159999997999
0.13605899999993198
0.13659600000005412
0.136728999999832
0.13677800000004936
0.13699499999984255
0.13711899999998423
0.13756400000011126
0.1378660000000309
0.13808099999982915
0.13862700000004224
0.1390230000001793
0.13914299999987634
0.13937000000009903
0.13942900000006375
0.1396349999999984
0.13968500000009954
0.1397049999995943
0.14038200000004508
0.14106900000024325
0.14148799999998118
0.14206800000010844
0.14295999999990272
0.14300500000035754
0.14306199999998626
0.14401999999995496
0.1445609999999533
0.14459500000020853
0.1446019999998498
0.14795300000014322
0.1481140000000778
0.1485120000002098
0.1485130000000936
0.14878300000009403
0.1501459999999497
0.15063400000008187
0.15141500000027008
0.15409599999998136
0.15493500000002314
0.15563599999995859
0.15625900000003412
0.1565109999996821
0.15851900000006935
0.15929300000004787
0.16106099999999657
0.16107000000010885
0.1620829999999387
0.16262900000037916
0.16366499999992357
0.16380800000001727
0.16394400000012865
0.16442700000004606
0.16559099999994942
0.16583500000024287
0.1672159999999394
0.16846800000007534
0.1705379999998513
0.17082900000013979
0.1710840000000644
0.17116200000009485
0.1720700000000761
0.1721309999998084
0.1744699999999284
0.17452699999989818
0.17507999999997992
0.1753360000000157
0.17660800000021482
0.17684400000007372
0.17754800000011528
0.17791599999964092
0.17895599999997103
0.1797839999999269
0.1797910000000229
0.1800829999999678
0.1811689999999544
0.18306699999993725
0.18621899999970992
0.18734500000005028
0.18775399999981346
0.1882630000000063
0.18843699999979435
0.18885399999999208
0.18906199999992168
0.18968800000016017
0.18980099999998856
0.18986200000000508
0.1904669999998987
0.19056499999987864
0.19137700000010227
0.19155799999998635
0.19169400000009773
0.19216899999992165
0.19248800000013944
0.19335899999987305
0.19372500000008586
0.19386200000008103
0.19424400000002606
0.19481999999993604
0.19622899999967558
0.19637299999999414
0.19658699999990858
0.1971920000000864
0.1972169999999096
0.19752499999992779
0.1989530000000741
0.1998320000000149
0.20122600000013335
0.20183299999996507
0.20257899999998585
0.20429699999999684
0.20432899999991605
0.20475799999999822
0.20556400000032227
0.2056759999999258
0.20574599999986276
0.2061069999999745
0.20805099999961385
0.20919300000014118
0.2104250000002139
0.21175200000016048
0.21302700000023833
0.2134659999996984
0.2140030000000479
0.21524999999996908
0.21539000000029773
0.2162709999998924
0.21804300000000154
0.218742999999904
0.21932200000003377
0.2203969999995934
0.22104499999977634
0.22139500000002954
0.22186400000009598
0.2218960000000152
0.22209299999997256
0.22355000000015934
0.2239070000000538
0.2241649999996298
0.2242229999999381
0.22488000000021202
0.22500199999967663
0.2280590000000302
0.22808600000007573
0.22882399999980407
0.22936299999992116
0.23014600000010432
0.23226199999999153
0.2333690000000388
0.2334019999998418
0.23364200000014534
0.23364599999990787
0.23429799999985335
0.23557400000004236
0.23713499999996657
0.23939199999995253
0.24030400000015106
0.24123699999995551
0.24140900000020338
0.24250399999993988
0.24287799999999038
0.24332600000025195
0.2433720000001358
0.2439080000000331
0.2441759999999249
0.24705599999992955
0.24792400000023918
0.2519210000000385
0.2540010000000166
0.2546169999995982
0.2552610000000186
0.25619300000002454
0.2582079999997404
0.2597849999997379
0.25994300000002113
0.26050800000007257
0.2624360000000934
0.2633140000000367
0.2638280000000037
0.26414599999998245
0.26427800000010393
0.26596699999981865
0.2664600000000519
0.2666600000000017
0.2692709999998897
0.26965400000005957
0.2697239999999965
0.2711719999997513
0.2713820000001306
0.2731420000000071
0.2736850000000004
0.27541099999996277
0.2757159999999885
0.27619800000002215
0.276538999999957
0.2780289999998331
0.2806569999997919
0.2815700000001016
0.28235799999993105
0.28252200000000016
0.28304800000023533
0.2833740000000944
0.2839140000000384
0.28493300000002364
0.28595899999982066
0.287923000000319
0.28794199999993
0.2914560000003803
0.29248999999981606
0.29433400000016263
0.29684900000006564
0.2973819999999989
0.30040999999982887
0.3037729999998646
0.303820000000087
0.30489300000000696
0.30564800000001924
0.30672099999992497
0.30715600000007726
0.30736400000000685
0.3095829999997477
0.3102010000000064
0.31072100000005776
0.3144839999999931
0.31463399999984176
0.31474500000012995
0.3182600000000093
0.3195989999999256
0.3219779999999446
0.32215400000018235
0.3221819999998843
0.32362000000011903
0.3242170000000897
0.3282930000000306
0.32909600000016326
0.329274999999825
0.3300720000002002
0.3322560000001431
0.3326700000002347
0.335158999999976
0.33521299999983967
0.33541600000000926
0.33778700000004847
0.3417459999999437
0.34198300000002746
0.3438019999998687
0.3454749999999649
0.3473309999999401
0.3490569999999025
0.34990799999991395
0.3520239999999717
0.35459099999980026
0.35467000000005555
0.35601599999995415
0.35797500000012406
0.35803800000002184
0.3586699999998473
0.3594150000000127
0.3604250000000775
0.3608990000000176
0.3621060000000398
0.36305899999979374
0.36531399999967107
0.36807999999996355
0.36975000000001046
0.3700860000000148
0.3736589999998614
0.37369300000000294
0.37435499999992317
0.3759900000000016
0.38233100000024933
0.38456399999995483
0.3846650000000409
0.3888039999999364
0.38921400000003814
0.393395000000055
0.3951640000000225
0.3959820000000036
0.39602899999999863
0.4008530000000974
0.4014320000001135
0.4053189999999631
0.40696799999977884
0.4101829999999609
0.410370999999941
0.41604099999995015
0.41637600000012753
0.4182860000000801
0.41880700000001525
0.41895100000010643
0.42388400000004367
0.4262989999999718
0.42658399999982066
0.4269000000003871
0.4298100000000886
0.4299440000000061
0.4302430000000186
0.43268299999999726
0.4347320000001673
0.4419679999999744
0.4424770000000535
0.44352200000002995
0.44468400000005204
0.4452119999999695
0.4458349999999882
0.44590100000004895
0.4509419999999409
0.45109299999967334
0.4525319999997919
0.45364900000004127
0.4547489999999925
0.4573800000000574
0.4577329999997346
0.4594850000000861
0.459487000000081
0.4614960000001247
0.4621200000000272
0.4635200000000168
0.4671289999999999
0.4672379999999521
0.46802999999999884
0.4693019999999706
0.4701390000000174
0.47237300000006144
0.47300400000005993
0.47599800000000414
0.476647999999841
0.47673699999995733
0.47724799999969036
0.48164100000030885
0.4821889999998348
0.4823109999999815
0.48411299999997937
0.48444300000028306
0.4849360000002889
0.48661300000003394
0.4921480000000429
0.492949999999837
0.4955570000001899
0.49572200000011435
0.49812299999985044
0.4981980000002295
0.4988050000001749
0.4998870000000011
0.5004470000000083
0.5018760000002658
0.5028800000000047
0.5048790000000736
0.507331000000022
0.5104089999999815
0.5122019999998884
0.5139549999998962
0.5202799999997296
0.5222479999997631
0.5271919999997863
0.5281290000000354
0.5286029999999755
0.5319439999999531
0.5363289999995686
0.5366259999999556
0.5405419999997321
0.5412729999998191
0.5425589999999829
0.5459859999999708
0.5517369999997754
0.5567739999999048
0.5579099999999926
0.5591079999999238
0.5626239999996869
0.5632650000000012
0.5633009999999103
0.5643089999998665
0.5646919999999227
0.5647020000000111
0.5652150000000802
0.5671269999998003
0.5676300000000083
0.5688889999996718
0.5699070000000575
0.584243000000015
0.584489000000076
0.5854129999997895
0.5889529999999468
0.5911089999999604
0.5942130000000816
0.5966149999999288
0.5967430000000604
0.6017719999999827
0.6039180000002489
0.6077330000002803
0.6093929999999546
0.6099530000001323
0.6121730000002117
0.6155529999998635
0.619792999999845
0.620984000000135
0.627664999999979
0.6290750000000571
0.6295660000000112
0.6300939999999855
0.6308989999999994
0.6321919999998045
0.6346340000000055
0.6347040000000561
0.6413440000000037
0.647914000000128
0.6500479999999698
0.650655999999799
0.6515790000003108
0.6548569999999927
0.6549589999999625
0.6576279999999315
0.6605580000000373
0.6692739999998594
0.6743579999999838
0.6803960000000018
0.6817349999998896
0.6835230000001502
0.6873149999999555
0.7005050000002484
0.7027679999996508
0.7069739999997182
0.7078839999999218
0.7082829999999376
0.7138669999999365
0.7169290000001638
0.7187049999999999
0.7212190000000192
0.7212419999999611
0.7238350000002356
0.7255420000000186
0.7271010000000615
0.7298040000000583
0.7304239999998572
0.7345550000000003
0.7352639999999155
0.7432939999999917
0.7449590000000228
0.7466450000000577
0.7487929999999778
0.7488250000000107
0.7505310000001373
0.7534589999997934
0.7544690000000003
0.759068999999954
0.7616219999999885
0.7708099999999831
0.7745050000000901
0.7786479999999756
0.7795490000000314
0.7798990000000003
0.797903000000133
0.8009200000001329
0.8018500000000586
0.8097090000001117
0.8147440000000188
0.8187749999997322
0.8224829999999201
0.8283209999999599
0.829551000000265
0.8342760000000453
0.8359609999997701
0.8404919999998128
0.850287999999864
0.8539010000000076
0.856948999999986
0.874315999999908
0.8784279999999853
0.9089400000000296
0.9123459999999568
0.9145050000001902
0.9153380000002471
0.9256700000000251
0.9377230000000054
0.9416790000000219
0.9759839999996984
0.9810660000002827
0.988617999999974
0.9919850000001134
0.9920370000000958
0.9997119999998176
1.0148380000000543
1.0238449999999375
1.0247600000002421
1.0340490000003228
1.0381620000000567
1.046636000000035
1.0614329999999654
1.0663749999999936
1.0774880000000007
1.0877590000000055
1.102726999999959
1.1142540000000736
1.126506000000063
1.1378979999999927
1.1398940000001403
1.1443629999999985
1.1454309999999737
1.1467009999998936
1.1504339999996773
1.1511760000000208
1.159056000000021
1.1695210000000316
1.1866139999999632
1.1910319999999501
1.2060490000000073
1.2164099999999962
1.2783480000000509
1.2869660000000067
1.2913949999997385
1.2924850000001697
1.2974140000000034
1.29826300000002
1.3092570000000023
1.3343149999998332
1.338799999999992
1.3403070000000525
1.3423149999998714
1.3567769999999655
1.3642540000000736
1.3656839999998738
1.3828920000000835
1.3864990000001853
1.3874809999997524
1.3942520000000016
1.3981370000000197
1.400081999999884
1.4045129999999517
1.4090380000000096
1.413012999999978
1.432647999999972
1.4435889999999745
1.4565050000001065
1.4574159999999665
1.460281000000009
1.473497000000009
1.4735980000000382
1.4850280000000566
1.4928360000000112
1.5048360000000116
1.521385999999893
1.525166000000013
1.5514579999999114
1.5548089999999775
1.5731510000000526
1.5809210000000178
1.5995410000000447
1.599822000000131
1.6000470000001314
1.6172849999999812
1.6217850000000453
1.6247919999999993
1.634904000000006
1.6506180000000086
1.6529120000000148
1.65295500000002
1.6543169999999918
1.6647590000000037
1.6653909999999996
1.6692570000000018
1.6701559999999631
1.7015230000000088
1.7214500000000044
1.7216149999999288
1.724550000000022
1.7382430000000113
1.7398999999999774
1.7444849999999974
1.7534559999999146
1.7649310000000469
1.7803840000000264
1.7953320000000303
1.8016810000000305
1.8110540000000128
1.8387050000001182
1.8462429999999586
1.8552170000000388
1.8685550000000148
1.8882199999999898
1.9024840000000154
1.9457340000001295
2.0045939999999973
2.0125949999999193
2.020128999999997
2.059075000000007
2.0593699999999444
2.0924509999999827
2.0931060000000343
2.1310169999999857
2.138719000000009
2.1405439999998634
2.143056999999999
2.1753989999999703
2.208539999999971
2.2376369999999497
2.2466550000000325
2.249099000000001
2.257632000000001
2.266238999999999
2.2768149999999423
2.290173999999979
2.2989800000000287
2.3128090000000157
2.3141069999999218
2.3798810000000117
2.3916449999999827
2.3989690000000223
2.4197039999999674
2.4427890000000616
2.461135000000013
2.4704410000000507
2.4839129999999727
2.5074970000000008
2.5187539999999444
2.5210250000000087
2.628194999999998
2.6337440000000925
2.6338559999999944
2.640039999999999
2.647136000000046
2.659655999999927
2.668009999999981
2.6999539999999342
2.700439000000074
2.723502999999937
2.7361379999999826
2.745773000000014
2.749582000000032
2.7623760000000175
2.765574000000015
2.776457999999934
2.7781080000000884
2.8499360000000706
2.8604119999999966
2.8674519999999575
2.872722000000067
2.8787939999999708
2.8788030000000617
2.8816920000000437
2.894751000000042
2.901821000000382
2.942837000000054
2.965259000000003
2.9673740000000635
2.969937000000016
3.0055390000000557
3.006114000000025
3.036393000000089
3.0385800000000245
3.051326000000003
3.0787259999999605
3.095961000000017
3.1225620000000163
3.141410000000178
3.1425959999999122
3.172136999999907
3.181372999999951
3.220376999999985
3.2244619999996758
3.2314440000000104
3.2392150000000584
3.252228999999943
3.2540349999999876
3.2564579999998386
3.2624230000000125
3.2769349999999804
3.3260569999999916
3.3326939999999468
3.3797770000001037
3.382448000000295
3.4123560000000452
3.4133039999999824
3.4248710000001665
3.4265250000000833
3.433852999999999
3.43478099999993
3.438543999999979
3.4387210000000152
3.4530409999999847
3.453715000000102
3.4581980000000385
3.464672000000064
3.4739520000002813
3.484027000000026
3.48943799999995
3.4895580000000024
3.4954409999998006
3.503243999999995
3.5279370000002928
3.53248799999983
3.5354909999998654
3.5497380000000476
3.5907219999999143
3.5959459999999126
3.600131000000033
3.6182269999999903
3.6251079999999547
3.6509949999999662
3.6531389999999533
3.682123000000047
3.7116890000000353
3.7136219999999867
3.7139499999998407
3.7140940000003866
3.7144080000000486
3.715321000000017
3.7157200000001467
3.722759999999994
3.728676
3.731393999999966
3.7390109999998913
3.767857000000049
3.7767619999999624
3.7781220000001667
3.7860709999999926
3.7960429999999405
3.805043000000296
3.806434000000081
3.8090420000000336
3.8184149999997317
3.8276949999999488
3.830752000000075
3.8527890000000014
3.8621209999998882
3.8687539999999956
3.886331000000041
3.8963260000000446
3.9037819999999783
3.906615000000329
3.9121379999999135
3.9324710000000778
3.9342530000003535
3.9368429999999535
3.951779999999985
3.96722699999998
3.96912599999996
3.978862000000163
3.9945060000000012
3.9952760000001035
3.9991480000001047
4.001007999999956
4.0077589999999645
4.011374999999987
4.016341000000011
4.022634999999809
4.025523000000007
4.054002999999966
4.057182000000012
4.058946999999989
4.073739999999816
4.079079999999976
4.081196000000091
4.0860830000000306
4.090166999999999
4.092200999999932
4.092625999999882
4.092971000000034
4.098707999999988
4.102701999999681
4.111161999999922
4.123648000000003
4.125442999999905
4.126950999999963
4.1308950000000095
4.136304000000109
4.140964999999596
4.141679999999951
4.144810999999976
4.146186999999941
4.147821000000022
4.155203999999912
4.1616590000001
4.164445999999998
4.168771000000106
4.1748569999999745
4.179171999999653
4.180490000000191
4.181773999999905
4.1917819999998756
4.193496999999752
4.19555500000024
4.221130999999787
4.222795000000133
4.230905000000007
4.239015999999992
4.251882000000023
4.255240999999842
4.256818000000067
4.2714129999999955
4.273353000000043
4.274535000000014
4.277376999999888
4.277804999999944
4.279287999999724
4.279458999999861
4.282629000000043
4.288887000000045
4.288923000000068
4.289151999999831
4.28921600000001
4.290715999999975
4.291286000000127
4.2915069999999105
4.292503000000124
4.2963700000000244
4.296776000000023
4.297657000000072
4.301400000000285
4.301563999999985
4.312935000000152
4.317761000000019
4.325277999999969
4.332824999999957
4.333290000000034
4.335429000000204
4.338207000000239
4.340291999999977
4.341085000000021
4.341294000000289
4.342963999999938
4.343392999999992
4.345698000000084
4.34713099999999
4.352807000000098
4.353816000000052
4.362533999999869
4.376788000000033
4.383971999999858
4.384678999999778
4.388864000000012
4.397771000000148
4.398053000000118
4.4109529999999495
4.4112590000002
4.419089999999869
4.423245000000406
4.427314000000024
4.427598999999873
4.427848999999924
4.430444999999963
4.431761999999935
4.459549000000152
4.46943199999987
4.470203000000026
4.474605000000338
4.477703999999989
4.478164000000106
4.480108999999629
4.480323000000226
4.48070800000005
4.480919000000085
4.490589999999884
4.49164299999984
4.493292999999994
4.495278999999982
4.4957979999999225
4.499143000000004
4.504290999999739
4.507086999999956
4.509041000000252
4.510091999999986
4.510782000000063
4.513975000000073
4.515712000000008
4.517451999999992
4.522547000000031
4.526429000000007
4.528520999999728
4.529943000000003
4.531307999999967
4.532392000000073
4.533612999999605
4.535652999999911
4.536676
4.540886
4.5481009999998605
4.551510999999891
4.5529240000000755
4.5531089999999494
4.554086000000325
4.556943000000047
4.557618999999704
4.560626000000184
4.562275
4.562570999999934
4.563335999999708
4.563521000000037
4.56648099999984
4.566610000000082
4.567875999999615
4.570190000000025
4.5709280000000945
4.572342999999819
4.572738999999956
4.572893999999906
4.574359999999842
4.574696000000131
4.574807000000192
4.576437000000169
4.5766130000001795
4.577504000000317
4.579673000000184
4.580291999999986
4.581591000000117
4.582302999999911
4.582502999999974
4.582513000000006
4.58280300000024
4.582942000000003
4.582958999999846
4.584330000000136
4.585037999999713
4.587814999999864
4.588538999999997
4.589224000000058
4.589993999999933
4.590021
4.590124000000287
4.591519999999946
4.592323999999735
4.592566000000261
4.594336999999996
4.594590000000153
4.599900999999591
4.605395000000044
4.605735999999979
4.607467000000042
4.608997000000272
4.611844000000019
4.612948999999986
4.613299000000097
4.6135550000003605
4.613966000000119
4.614240999999993
4.614694000000327
4.6169720000000325
4.619426999999632
4.620246000000009
4.621096999999963
4.62203999999997
4.622307999999975
4.622437999999875
4.622562000000016
4.623627999999826
4.624280999999883
4.62782100000004
4.628228999999919
4.6285250000000815
4.628783999999996
4.628955000000133
4.628961000000345
4.629764999999679
4.630919999999989
4.631724000000304
4.632523999999648
4.632846999999856
4.6347090000000435
4.636448999999857
4.637834000000112
4.638846000000285
4.641411000000062
4.641411999999946
4.6420590000000175
4.643247999999858
4.644592999999986
4.649745000000166
4.65357999999992
4.654559000000063
4.654696000000058
4.65513599999997
4.655717999999979
4.655861999999956
4.656161999999995
4.6640299999999115
4.665948000000071
4.668235000000095
4.6708340000000135
4.673361000000114
4.675350999999864
4.675478999999996
4.675879999999779
4.676609000000099
4.677059000000099
4.678297999999813
4.678582000000006
4.68166199999996
4.684464999999818
4.685926999999992
4.6870400000000245
4.688480999999911
4.692022999999608
4.692688999999973
4.698511999999937
4.6988739999999325
4.700171999999839
4.70317399999999
4.704968999999892
4.705351999999948
4.7066339999998945
4.709052999999983
4.712626
4.712912000000415
4.714504999999917
4.714943999999832
4.716142999999988
4.7169320000000425
4.718001000000186
4.722366999999849
4.722713999999996
4.7282690000000045
4.729377000000113
4.730964999999969
4.732394999999997
4.734883000000082
4.73744499999998
4.738122999999973
4.738230999999814
4.742544999999609
4.745114999999998
4.745967999999721
4.746498000000031
4.7503169999999955
4.755286999999953
4.758329000000231
4.760335000000168
4.765913999999839
4.766038000000208
4.766541999999845
4.767720000000281
4.768771000000015
4.76970799999998
4.771262999999976
4.773895999999979
4.777132999999992
4.780259999999998
4.780987999999979
4.783873999999969
4.786550000000034
4.791271999999935
4.792032000000063
4.792993999999908
4.7980139999999665
4.800027000000227
4.803246999999828
4.80356299999994
4.8037299999998595
4.803981999999905
4.804867000000058
4.80592200000001
4.807954999999993
4.808255999999801
4.811065999999755
4.813978000000134
4.816931999999724
4.8180440000001
4.820877999999993
4.8217710000000125
4.823965000000044
4.824873000000025
4.826840000000175
4.828639999999723
4.829393999999866
4.832300000000032
4.833192000000054
4.836484999999925
4.838204999999988
4.838735000000042
4.839799999999741
4.840091999999913
4.841302000000269
4.841852000000017
4.842358999999988
4.843409999999949
4.84551300000021
4.84666500000003
4.847874000000047
4.848360999999841
4.848927999999887
4.849156999999877
4.850126000000046
4.851437000000033
4.852512999999817
4.853033999999752
4.853450000000066
4.854091999999923
4.85540200000014
4.856216000000131
4.85623499999997
4.856292999999994
4.856500999999994
4.856666000000132
4.857550000000174
4.857578999999987
4.857959999999821
4.858688999999686
4.85945300000003
4.859976000000188
4.860031000000163
4.860549999999989
4.861120000000028
4.861194000000069
4.861203999999816
4.861594999999852
4.861609999999928
4.861642999999958
4.862347
4.862489000000096
4.862956999999938
4.863137000000279
4.864088999999694
4.864090000000033
4.864189000000124
4.865851000000021
4.866122999999789
4.866256000000021
4.866308000000117
4.866361999999981
4.866944999999987
4.867474000000129
4.868718999999942
4.870017999999618
4.870374999999967
4.871367999999961
4.872499000000005
4.873121000000083
4.874763999999686
4.875129999999899
4.876125999999999
4.877614000000449
4.877651000000242
4.87777200000005
4.878107
4.879088000000138
4.879306000000042
4.8794669999997495
4.879562000000078
4.880425000000059
4.880576000000019
4.881718000000092
4.881797000000006
4.8821650000000005
4.882648000000017
4.882829000000129
4.883530000000064
4.883728999999903
4.883771000000252
4.8841919999999845
4.884802000000036
4.884817999999996
4.884933999999703
4.885330000000067
4.885577000000012
4.885924000000159
4.8859530000002
4.885976999999912
4.886344999999892
4.886592999999948
4.8869660000000295
4.887054999999691
4.887422000000242
4.887426000000232
4.8878819999999905
4.888402000000042
4.888964000000044
4.889402000000246
4.890859000000091
4.8909490000000915
4.891461999999592
4.891777000000047
4.892136000000164
4.892410000000041
4.892675000000004
4.892888000000312
4.893522999999732
4.8935270000001765
4.893535000000156
4.893549999999777
4.893789000000197
4.893802999999934
4.894180000000233
4.894685999999638
4.894936
4.894958999999972
4.895052000000021
4.895082999999886
4.895099999999729
4.895430999999917
4.896196000000003
4.8971990000000005
4.897449999999935
4.897578999999951
4.897944999999709
4.89822600000025
4.89835400000004
4.898588000000018
4.898826999999983
4.8989500000000135
4.899024999999938
4.899789000000055
4.900122999999894
4.901358999999957
4.901434999999992
4.901827000000139
4.902370000000019
4.902460000000019
4.9039029999999
4.9040899999999965
4.904098000000204
4.9042490000001635
4.904849999999897
4.905646999999988
4.906533999999738
4.9069769999999835
4.908133999999791
4.91223500000001
4.9176949999996395
4.924547999999959
4.928875999999946
4.935551000000032
4.939657000000125
4.944470000000365
4.9578650000000835
4.963322000000005
4.963843999999995
4.966306000000003
4.971436000000267
4.974101000000246
4.977669999999989
4.987778000000162
4.995090000000118
4.996908000000076
5.00853300000017
5.0096150000003945
5.010440000000017
5.011691999999982
5.012532000000192
5.013729000000012
5.014328999999975
5.018873999999869
5.026789999999892
5.027378999999883
5.028153000000202
5.033473999999842
5.035544000000073
5.036148000000139
5.040306000000328
5.040606000000025
5.052892000000156
5.062967999999955
5.066685000000007
5.070302999999967
5.07549199999994
5.079609000000005
5.080680999999913
5.089326999999685
5.0909200000000965
5.0917129999998
5.095876999999973
5.097907000000305
5.099245999999994
5.099535000000003
5.100779999999986
5.102805999999873
5.105043000000023
5.105817999999999
5.106058999999732
5.109523000000081
5.112161999999898
5.114755999999993
5.115144999999984
5.120280000000093
5.12137899999999
5.124844999999823
5.127260999999635
5.127572999999984
5.129488000000038
5.131395999999768
5.131635000000017
5.1327540000002045
5.134279999999762
5.13855999999987
5.1387180000001536
5.141654999999901
5.144055999999999
5.152423999999883
5.153087999999798
5.153966000000082
5.154349000000025
5.1589930000000095
5.159168000000136
5.1610860000000685
5.162227000000257
5.162545000000023
5.163481999999931
5.163610999999946
5.165002999999615
5.165207999999893
5.165212999999994
5.166044999999997
5.167210999999952
5.167668
5.168187999999873
5.168495999999777
5.168747000000053
5.170389999999998
5.170865000000049
5.171363999999812
5.171417999999903
5.171632999999929
5.341235999999753
5.360550000000046
5.38315700000021
5.415391999999883
5.416117999999869
6.138244999999998
4.4299999990471406E-4,0.00062853551225644249
4.6000000000390173E-4,0.00125707102451288498
4.8100000003614696E-4,0.00188560653676932747
5.470000000968867E-4,0.00251414204902576996
5.529999999680513E-4,0.00314267756128221245
5.570000000716391E-4,0.00377121307353865493
5.6100000006154E-4,0.00439974858579509742
5.659999999352294E-4,0.00502828409805153991
5.699999996977567E-4,0.00565681961030798240
5.739999999150314E-4,0.00628535512256442489
5.770000000211439E-4,0.00691389063482086738
5.78000000132306E-4,0.00754242614707730987
5.839999998897838E-4,0.00817096165933375236
5.899999999883221E-4,0.00879949717159019485
6.00000000304135E-4,0.00942803268384663734
6.109999999353022E-4,0.01005656819610307982
6.120000000464643E-4,0.01068510370835952231
6.419999999707215E-4,0.01131363922061596480
6.43999999965672E-4,0.01194217473287240729
6.43999999965672E-4,0.01257071024512884978
6.440000001930457E-4,0.01319924575738529227
6.500000001778972E-4,0.01382778126964173476
6.509999998343119E-4,0.01445631678189817725
6.520000000591608E-4,0.01508485229415461974
6.53000000056636E-4,0.01571338780641106223
6.639999996878032E-4,0.01634192331866750471
6.739999998899293E-4,0.01697045883092394720
7.540000000290092E-4,0.01759899434318038969
0.0012440000000424334,0.01822752985543683218
0.0022620000004280882,0.01885606536769327467
0.0022990000002209854,0.01948460087994971716
0.0029140000001461885,0.02011313639220615965
0.0032429999999976644,0.02074167190446260214
0.0037729999999100983,0.02137020741671904463
0.004037000000153057,0.02199874292897548712
0.004086000000143031,0.02262727844123192960
0.004251000000067506,0.02325581395348837209
0.00425100000029488,0.02388434946574481458
0.00427399999989575,0.02451288497800125707
0.004355999999916094,0.02514142049025769956
0.0045780000000377186,0.02576995600251414205
0.004631000000003382,0.02639849151477058454
0.004649999999855936,0.02702702702702702703
0.005069999999705033,0.02765556253928346952
0.005932000000029802,0.02828409805153991201
0.006131999999979598,0.02891263356379635449
0.006184000000303058,0.02954116907605279698
0.006268000000090979,0.03016970458830923947
0.0063559999998688,0.03079824010056568196
0.007407999999941239,0.03142677561282212445
0.007632000000057815,0.03205531112507856694
0.008685000000241416,0.03268384663733500943
0.009058999999979278,0.03331238214959145192
0.00908100000003742,0.03394091766184789441
0.009303999999929147,0.03456945317410433690
0.009428999999727239,0.03519798868636077938
0.010045999999874766,0.03582652419861722187
0.010598999999956504,0.03645505971087366436
0.010604999999941356,0.03708359522313010685
0.010774999999966894,0.03771213073538654934
0.012343000000328175,0.03834066624764299183
0.012901999999940017,0.03896920175989943432
0.01324299999998857,0.03959773727215587681
0.013592000000244298,0.04022627278441231930
0.013853999999923872,0.04085480829666876179
0.014475000000004457,0.04148334380892520427
0.014773999999988519,0.04211187932118164676
0.015571999999792752,0.04274041483343808925
0.015696000000389176,0.04336895034569453174
0.015988999999990483,0.04399748585795097423
0.01608299999998053,0.04462602137020741672
0.01818199999979697,0.04525455688246385921
0.018208000000186075,0.04588309239472030170
0.018681000000015047,0.04651162790697674419
0.018884999999954744,0.04714016341923318668
0.0189170000003287,0.04776869893148962916
0.019325000000208092,0.04839723444374607165
0.01989800000001196,0.04902576995600251414
0.019992000000002008,0.04965430546825895663
0.02070000000003347,0.05028284098051539912
0.02086700000000974,0.05091137649277184161
0.020973999999966964,0.05153991200502828410
0.021099000000049273,0.05216844751728472659
0.021320000000059736,0.05279698302954116908
0.022921999999994114,0.05342551854179761157
0.02343000000007578,0.05405405405405405405
0.02348299999999881,0.05468258956631049654
0.024529000000029555,0.05531112507856693903
0.02476099999989856,0.05593966059082338152
0.024788999999998396,0.05656819610307982401
0.025251999999909458,0.05719673161533626650
0.026695999999901687,0.05782526712759270899
0.026884999999992942,0.05845380263984915148
0.02722300000004907,0.05908233815210559397
0.0272979999999734,0.05971087366436203646
0.027362999999922977,0.06033940917661847894
0.02841599999965183,0.06096794468887492143
0.02850599999987935,0.06159648020113136392
0.02876200000036988,0.06222501571338780641
0.02897399999994832,0.06285355122564424890
0.02935099999990598,0.06348208673790069139
0.030684000000292144,0.06411062225015713388
0.031029999999987012,0.06473915776241357637
0.03122799999982817,0.06536769327467001886
0.03132600000003549,0.06599622878692646135
0.03177000000005137,0.06662476429918290383
0.03360899999995581,0.06725329981143934632
0.03364400000009482,0.06788183532369578881
0.03412800000023708,0.06851037083595223130
0.034586000000000894,0.06913890634820867379
0.035499000000072556,0.06976744186046511628
0.03582500000001687,0.07039597737272155877
0.03783800000019255,0.07102451288497800126
0.03799600000002101,0.07165304839723444375
0.03826299999991534,0.07228158390949088624
0.03846900000007736,0.07291011942174732872
0.03887299999996685,0.07353865493400377121
0.0393699999999626,0.07416719044626021370
0.039551000000074055,0.07479572595851665619
0.03960099999994782,0.07542426147077309868
0.03969399999959933,0.07605279698302954117
0.040700999999998544,0.07668133249528598366
0.04161900000008245,0.07730986800754242615
0.04162900000028458,0.07793840351979886864
0.04212200000006305,0.07856693903205531113
0.043000000000006366,0.07919547454431175361
0.044334000000048945,0.07982401005656819610
0.044970000000034815,0.08045254556882463859
0.04604700000027151,0.08108108108108108108
0.04678199999989374,0.08170961659333752357
0.04729699999984405,0.08233815210559396606
0.04764999999997599,0.08296668761785040855
0.04775100000006205,0.08359522313010685104
0.04776999999990039,0.08422375864236329353
0.04857399999991685,0.08485229415461973602
0.049115000000028886,0.08548082966687617850
0.0492360000000005,0.08610936517913262099
0.050272000000177286,0.08673790069138906348
0.05045399999971778,0.08736643620364550597
0.05162599999999884,0.08799497171590194846
0.05194200000005367,0.08862350722815839095
0.05198199999995268,0.08925204274041483344
0.05231200000000058,0.08988057825267127593
0.054030999999667984,0.09050911376492771842
0.05500100000017483,0.09113764927718416091
0.05608699999993405,0.09176618478944060339
0.05862700000000132,0.09239472030169704588
0.05874099999982718,0.09302325581395348837
0.05922500000042419,0.09365179132620993086
0.05922599999985323,0.09428032683846637335
0.05930100000023231,0.09490886235072281584
0.05932699999993929,0.09553739786297925833
0.06107999999994718,0.09616593337523570082
0.0616280000003826,0.09679446888749214331
0.06241900000000555,0.09742300439974858580
0.06323300000008203,0.09805153991200502828
0.06365600000003724,0.09868007542426147077
0.06456600000001345,0.09930861093651791326
0.06586000000015702,0.09993714644877435575
0.06634899999994559,0.10056568196103079824
0.06702600000005532,0.10119421747328724073
0.06710499999996955,0.10182275298554368322
0.06806599999993068,0.10245128849780012571
0.06879100000000449,0.10307982401005656820
0.06931700000006913,0.10370835952231301069
0.07021399999996447,0.10433689503456945317
0.07052100000009887,0.10496543054682589566
0.07096000000001368,0.10559396605908233815
0.07100799999989249,0.10622250157133878064
0.07175400000005538,0.10685103708359522313
0.07200200000033874,0.10747957259585166562
0.07310599999982514,0.10810810810810810811
0.07457499999998163,0.10873664362036455060
0.07512100000030841,0.10936517913262099309
0.07555700000011711,0.10999371464487743558
0.07624500000019907,0.11062225015713387806
0.0765110000002096,0.11125078566939032055
0.07684699999981603,0.11187932118164676304
0.07820200000014665,0.11250785669390320553
0.07840799999996761,0.11313639220615964802
0.07840900000019246,0.11376492771841609051
0.07933800000000701,0.11439346323067253300
0.0824760000000424,0.11502199874292897549
0.08277799999996205,0.11565053425518541798
0.08341199999995297,0.11627906976744186047
0.0844280000001163,0.11690760527969830295
0.08460700000000543,0.11753614079195474544
0.08549700000003213,0.11816467630421118793
0.0856420000000071,0.11879321181646763042
0.08595000000002528,0.11942174732872407291
0.08597899999995207,0.12005028284098051540
0.08611800000016956,0.12067881835323695789
0.08620399999972506,0.12130735386549340038
0.08652099999994789,0.12193588937774984287
0.0879050000000916,0.12256442489000628536
0.08907099999987622,0.12319296040226272784
0.08938699999998789,0.12382149591451917033
0.08952999999974054,0.12445003142677561282
0.08961600000020553,0.12507856693903205531
0.08968199999981152,0.12570710245128849780
0.08971800000017538,0.12633563796354494029
0.09127399999999852,0.12696417347580138278
0.09158899999999903,0.12759270898805782527
0.09241500000007363,0.12822124450031426776
0.09249700000009398,0.12884978001257071025
0.09289500000022599,0.12947831552482715273
0.09524099999998725,0.13010685103708359522
0.09547399999996742,0.13073538654934003771
0.09838099999979022,0.13136392206159648020
0.0988750000001346,0.13199245757385292269
0.09972300000026735,0.13262099308610936518
0.10001099999999497,0.13324952859836580767
0.1000819999999294,0.13387806411062225016
0.1005659999996169,0.13450659962287869265
0.1010759999999209,0.13513513513513513514
0.10116999999996779,0.13576367064739157762
0.10142999999993663,0.13639220615964802011
0.10254799999984243,0.13702074167190446260
0.10260399999970105,0.13764927718416090509
0.1026600000000144,0.13827781269641734758
0.10276900000008027,0.13890634820867379007
0.10347600000000057,0.13953488372093023256
0.10349399999995512,0.14016341923318667505
0.10353699999996024,0.14079195474544311754
0.10433800000009796,0.14142049025769956003
0.10469599999987622,0.14204902576995600251
0.10593700000003992,0.14267756128221244500
0.1060139999999592,0.14330609679446888749
0.1075740000001133,0.14393463230672532998
0.10848300000000677,0.14456316781898177247
0.10854000000000497,0.14519170333123821496
0.11061699999982011,0.14582023884349465745
0.11143800000013471,0.14644877435575109994
0.11181799999985742,0.14707730986800754243
0.11197900000001937,0.14770584538026398492
0.11261300000023766,0.14833438089252042740
0.1127990000002228,0.14896291640477686989
0.11281599999983882,0.14959145191703331238
0.11455799999998817,0.15021998742928975487
0.11519900000030248,0.15084852294154619736
0.1154189999999744,0.15147705845380263985
0.11609600000002729,0.15210559396605908234
0.11674800000037067,0.15273412947831552483
0.11788500000011481,0.15336266499057196732
0.11825099999987287,0.15399120050282840981
0.11880599999994956,0.15461973601508485229
0.12046100000009119,0.15524827152734129478
0.12075600000025588,0.15587680703959773727
0.12081800000032672,0.15650534255185417976
0.12118099999997867,0.15713387806411062225
0.12129400000003443,0.15776241357636706474
0.12180299999999988,0.15839094908862350723
0.12240999999994528,0.15901948460087994972
0.12262299999997595,0.15964802011313639221
0.12296000000014828,0.16027655562539283470
0.12360400000034133,0.16090509113764927718
0.12360700000022007,0.16153362664990571967
0.12446399999998903,0.16216216216216216216
0.12523499999997512,0.16279069767441860465
0.12629999999990105,0.16341923318667504714
0.12656699999979537,0.16404776869893148963
0.12662100000034116,0.16467630421118793212
0.1272489999996651,0.16530483972344437461
0.12768399999959001,0.16593337523570081710
0.1288759999999911,0.16656191074795725959
0.12996000000021013,0.16719044626021370207
0.13027099999999336,0.16781898177247014456
0.13180400000010195,0.16844751728472658705
0.13202899999987494,0.16907605279698302954
0.13255900000001475,0.16970458830923947203
0.13275999999996202,0.17033312382149591452
0.1332479999998668,0.17096165933375235701
0.1341429999997672,0.17159019484600879950
0.13419900000008056,0.17221873035826524199
0.13499899999987974,0.17284726587052168448
0.13512700000001132,0.17347580138277812696
0.13525699999991048,0.17410433689503456945
0.1356159999997999,0.17473287240729101194
0.13605899999993198,0.17536140791954745443
0.13659600000005412,0.17598994343180389692
0.136728999999832,0.17661847894406033941
0.13677800000004936,0.17724701445631678190
0.13699499999984255,0.17787554996857322439
0.13711899999998423,0.17850408548082966688
0.13756400000011126,0.17913262099308610937
0.1378660000000309,0.17976115650534255185
0.13808099999982915,0.18038969201759899434
0.13862700000004224,0.18101822752985543683
0.1390230000001793,0.18164676304211187932
0.13914299999987634,0.18227529855436832181
0.13937000000009903,0.18290383406662476430
0.13942900000006375,0.18353236957888120679
0.1396349999999984,0.18416090509113764928
0.13968500000009954,0.18478944060339409177
0.1397049999995943,0.18541797611565053426
0.14038200000004508,0.18604651162790697674
0.14106900000024325,0.18667504714016341923
0.14148799999998118,0.18730358265241986172
0.14206800000010844,0.18793211816467630421
0.14295999999990272,0.18856065367693274670
0.14300500000035754,0.18918918918918918919
0.14306199999998626,0.18981772470144563168
0.14401999999995496,0.19044626021370207417
0.1445609999999533,0.19107479572595851666
0.14459500000020853,0.19170333123821495915
0.1446019999998498,0.19233186675047140163
0.14795300000014322,0.19296040226272784412
0.1481140000000778,0.19358893777498428661
0.1485120000002098,0.19421747328724072910
0.1485130000000936,0.19484600879949717159
0.14878300000009403,0.19547454431175361408
0.1501459999999497,0.19610307982401005657
0.15063400000008187,0.19673161533626649906
0.15141500000027008,0.19736015084852294155
0.15409599999998136,0.19798868636077938404
0.15493500000002314,0.19861722187303582652
0.15563599999995859,0.19924575738529226901
0.15625900000003412,0.19987429289754871150
0.1565109999996821,0.20050282840980515399
0.15851900000006935,0.20113136392206159648
0.15929300000004787,0.20175989943431803897
0.16106099999999657,0.20238843494657448146
0.16107000000010885,0.20301697045883092395
0.1620829999999387,0.20364550597108736644
0.16262900000037916,0.20427404148334380893
0.16366499999992357,0.20490257699560025141
0.16380800000001727,0.20553111250785669390
0.16394400000012865,0.20615964802011313639
0.16442700000004606,0.20678818353236957888
0.16559099999994942,0.20741671904462602137
0.16583500000024287,0.20804525455688246386
0.1672159999999394,0.20867379006913890635
0.16846800000007534,0.20930232558139534884
0.1705379999998513,0.20993086109365179133
0.17082900000013979,0.21055939660590823382
0.1710840000000644,0.21118793211816467630
0.17116200000009485,0.21181646763042111879
0.1720700000000761,0.21244500314267756128
0.1721309999998084,0.21307353865493400377
0.1744699999999284,0.21370207416719044626
0.17452699999989818,0.21433060967944688875
0.17507999999997992,0.21495914519170333124
0.1753360000000157,0.21558768070395977373
0.17660800000021482,0.21621621621621621622
0.17684400000007372,0.21684475172847265871
0.17754800000011528,0.21747328724072910119
0.17791599999964092,0.21810182275298554368
0.17895599999997103,0.21873035826524198617
0.1797839999999269,0.21935889377749842866
0.1797910000000229,0.21998742928975487115
0.1800829999999678,0.22061596480201131364
0.1811689999999544,0.22124450031426775613
0.18306699999993725,0.22187303582652419862
0.18621899999970992,0.22250157133878064111
0.18734500000005028,0.22313010685103708360
0.18775399999981346,0.22375864236329352608
0.1882630000000063,0.22438717787554996857
0.18843699999979435,0.22501571338780641106
0.18885399999999208,0.22564424890006285355
0.18906199999992168,0.22627278441231929604
0.18968800000016017,0.22690131992457573853
0.18980099999998856,0.22752985543683218102
0.18986200000000508,0.22815839094908862351
0.1904669999998987,0.22878692646134506600
0.19056499999987864,0.22941546197360150849
0.19137700000010227,0.23004399748585795097
0.19155799999998635,0.23067253299811439346
0.19169400000009773,0.23130106851037083595
0.19216899999992165,0.23192960402262727844
0.19248800000013944,0.23255813953488372093
0.19335899999987305,0.23318667504714016342
0.19372500000008586,0.23381521055939660591
0.19386200000008103,0.23444374607165304840
0.19424400000002606,0.23507228158390949089
0.19481999999993604,0.23570081709616593338
0.19622899999967558,0.23632935260842237586
0.19637299999999414,0.23695788812067881835
0.19658699999990858,0.23758642363293526084
0.1971920000000864,0.23821495914519170333
0.1972169999999096,0.23884349465744814582
0.19752499999992779,0.23947203016970458831
0.1989530000000741,0.24010056568196103080
0.1998320000000149,0.24072910119421747329
0.20122600000013335,0.24135763670647391578
0.20183299999996507,0.24198617221873035827
0.20257899999998585,0.24261470773098680075
0.20429699999999684,0.24324324324324324324
0.20432899999991605,0.24387177875549968573
0.20475799999999822,0.24450031426775612822
0.20556400000032227,0.24512884978001257071
0.2056759999999258,0.24575738529226901320
0.20574599999986276,0.24638592080452545569
0.2061069999999745,0.24701445631678189818
0.20805099999961385,0.24764299182903834067
0.20919300000014118,0.24827152734129478316
0.2104250000002139,0.24890006285355122564
0.21175200000016048,0.24952859836580766813
0.21302700000023833,0.25015713387806411062
0.2134659999996984,0.25078566939032055311
0.2140030000000479,0.25141420490257699560
0.21524999999996908,0.25204274041483343809
0.21539000000029773,0.25267127592708988058
0.2162709999998924,0.25329981143934632307
0.21804300000000154,0.25392834695160276556
0.218742999999904,0.25455688246385920805
0.21932200000003377,0.25518541797611565053
0.2203969999995934,0.25581395348837209302
0.22104499999977634,0.25644248900062853551
0.22139500000002954,0.25707102451288497800
0.22186400000009598,0.25769956002514142049
0.2218960000000152,0.25832809553739786298
0.22209299999997256,0.25895663104965430547
0.22355000000015934,0.25958516656191074796
0.2239070000000538,0.26021370207416719045
0.2241649999996298,0.26084223758642363294
0.2242229999999381,0.26147077309868007542
0.22488000000021202,0.26209930861093651791
0.22500199999967663,0.26272784412319296040
0.2280590000000302,0.26335637963544940289
0.22808600000007573,0.26398491514770584538
0.22882399999980407,0.26461345065996228787
0.22936299999992116,0.26524198617221873036
0.23014600000010432,0.26587052168447517285
0.23226199999999153,0.26649905719673161534
0.2333690000000388,0.26712759270898805783
0.2334019999998418,0.26775612822124450031
0.23364200000014534,0.26838466373350094280
0.23364599999990787,0.26901319924575738529
0.23429799999985335,0.26964173475801382778
0.23557400000004236,0.27027027027027027027
0.23713499999996657,0.27089880578252671276
0.23939199999995253,0.27152734129478315525
0.24030400000015106,0.27215587680703959774
0.24123699999995551,0.27278441231929604023
0.24140900000020338,0.27341294783155248272
0.24250399999993988,0.27404148334380892520
0.24287799999999038,0.27467001885606536769
0.24332600000025195,0.27529855436832181018
0.2433720000001358,0.27592708988057825267
0.2439080000000331,0.27655562539283469516
0.2441759999999249,0.27718416090509113765
0.24705599999992955,0.27781269641734758014
0.24792400000023918,0.27844123192960402263
0.2519210000000385,0.27906976744186046512
0.2540010000000166,0.27969830295411690761
0.2546169999995982,0.28032683846637335009
0.2552610000000186,0.28095537397862979258
0.25619300000002454,0.28158390949088623507
0.2582079999997404,0.28221244500314267756
0.2597849999997379,0.28284098051539912005
0.25994300000002113,0.28346951602765556254
0.26050800000007257,0.28409805153991200503
0.2624360000000934,0.28472658705216844752
0.2633140000000367,0.28535512256442489001
0.2638280000000037,0.28598365807668133250
0.26414599999998245,0.28661219358893777498
0.26427800000010393,0.28724072910119421747
0.26596699999981865,0.28786926461345065996
0.2664600000000519,0.28849780012570710245
0.2666600000000017,0.28912633563796354494
0.2692709999998897,0.28975487115021998743
0.26965400000005957,0.29038340666247642992
0.2697239999999965,0.29101194217473287241
0.2711719999997513,0.29164047768698931490
0.2713820000001306,0.29226901319924575739
0.2731420000000071,0.29289754871150219987
0.2736850000000004,0.29352608422375864236
0.27541099999996277,0.29415461973601508485
0.2757159999999885,0.29478315524827152734
0.27619800000002215,0.29541169076052796983
0.276538999999957,0.29604022627278441232
0.2780289999998331,0.29666876178504085481
0.2806569999997919,0.29729729729729729730
0.2815700000001016,0.29792583280955373979
0.28235799999993105,0.29855436832181018228
0.28252200000000016,0.29918290383406662476
0.28304800000023533,0.29981143934632306725
0.2833740000000944,0.30043997485857950974
0.2839140000000384,0.30106851037083595223
0.28493300000002364,0.30169704588309239472
0.28595899999982066,0.30232558139534883721
0.287923000000319,0.30295411690760527970
0.28794199999993,0.30358265241986172219
0.2914560000003803,0.30421118793211816468
0.29248999999981606,0.30483972344437460717
0.29433400000016263,0.30546825895663104965
0.29684900000006564,0.30609679446888749214
0.2973819999999989,0.30672532998114393463
0.30040999999982887,0.30735386549340037712
0.3037729999998646,0.30798240100565681961
0.303820000000087,0.30861093651791326210
0.30489300000000696,0.30923947203016970459
0.30564800000001924,0.30986800754242614708
0.30672099999992497,0.31049654305468258957
0.30715600000007726,0.31112507856693903206
0.30736400000000685,0.31175361407919547454
0.3095829999997477,0.31238214959145191703
0.3102010000000064,0.31301068510370835952
0.31072100000005776,0.31363922061596480201
0.3144839999999931,0.31426775612822124450
0.31463399999984176,0.31489629164047768699
0.31474500000012995,0.31552482715273412948
0.3182600000000093,0.31615336266499057197
0.3195989999999256,0.31678189817724701446
0.3219779999999446,0.31741043368950345695
0.32215400000018235,0.31803896920175989943
0.3221819999998843,0.31866750471401634192
0.32362000000011903,0.31929604022627278441
0.3242170000000897,0.31992457573852922690
0.3282930000000306,0.32055311125078566939
0.32909600000016326,0.32118164676304211188
0.329274999999825,0.32181018227529855437
0.3300720000002002,0.32243871778755499686
0.3322560000001431,0.32306725329981143935
0.3326700000002347,0.32369578881206788184
0.335158999999976,0.32432432432432432432
0.33521299999983967,0.32495285983658076681
0.33541600000000926,0.32558139534883720930
0.33778700000004847,0.32620993086109365179
0.3417459999999437,0.32683846637335009428
0.34198300000002746,0.32746700188560653677
0.3438019999998687,0.32809553739786297926
0.3454749999999649,0.32872407291011942175
0.3473309999999401,0.32935260842237586424
0.3490569999999025,0.32998114393463230673
0.34990799999991395,0.33060967944688874921
0.3520239999999717,0.33123821495914519170
0.35459099999980026,0.33186675047140163419
0.35467000000005555,0.33249528598365807668
0.35601599999995415,0.33312382149591451917
0.35797500000012406,0.33375235700817096166
0.35803800000002184,0.33438089252042740415
0.3586699999998473,0.33500942803268384664
0.3594150000000127,0.33563796354494028913
0.3604250000000775,0.33626649905719673162
0.3608990000000176,0.33689503456945317410
0.3621060000000398,0.33752357008170961659
0.36305899999979374,0.33815210559396605908
0.36531399999967107,0.33878064110622250157
0.36807999999996355,0.33940917661847894406
0.36975000000001046,0.34003771213073538655
0.3700860000000148,0.34066624764299182904
0.3736589999998614,0.34129478315524827153
0.37369300000000294,0.34192331866750471402
0.37435499999992317,0.34255185417976115651
0.3759900000000016,0.34318038969201759899
0.38233100000024933,0.34380892520427404148
0.38456399999995483,0.34443746071653048397
0.3846650000000409,0.34506599622878692646
0.3888039999999364,0.34569453174104336895
0.38921400000003814,0.34632306725329981144
0.393395000000055,0.34695160276555625393
0.3951640000000225,0.34758013827781269642
0.3959820000000036,0.34820867379006913891
0.39602899999999863,0.34883720930232558140
0.4008530000000974,0.34946574481458202388
0.4014320000001135,0.35009428032683846637
0.4053189999999631,0.35072281583909490886
0.40696799999977884,0.35135135135135135135
0.4101829999999609,0.35197988686360779384
0.410370999999941,0.35260842237586423633
0.41604099999995015,0.35323695788812067882
0.41637600000012753,0.35386549340037712131
0.4182860000000801,0.35449402891263356380
0.41880700000001525,0.35512256442489000629
0.41895100000010643,0.35575109993714644877
0.42388400000004367,0.35637963544940289126
0.4262989999999718,0.35700817096165933375
0.42658399999982066,0.35763670647391577624
0.4269000000003871,0.35826524198617221873
0.4298100000000886,0.35889377749842866122
0.4299440000000061,0.35952231301068510371
0.4302430000000186,0.36015084852294154620
0.43268299999999726,0.36077938403519798869
0.4347320000001673,0.36140791954745443118
0.4419679999999744,0.36203645505971087366
0.4424770000000535,0.36266499057196731615
0.44352200000002995,0.36329352608422375864
0.44468400000005204,0.36392206159648020113
0.4452119999999695,0.36455059710873664362
0.4458349999999882,0.36517913262099308611
0.44590100000004895,0.36580766813324952860
0.4509419999999409,0.36643620364550597109
0.45109299999967334,0.36706473915776241358
0.4525319999997919,0.36769327467001885607
0.45364900000004127,0.36832181018227529855
0.4547489999999925,0.36895034569453174104
0.4573800000000574,0.36957888120678818353
0.4577329999997346,0.37020741671904462602
0.4594850000000861,0.37083595223130106851
0.459487000000081,0.37146448774355751100
0.4614960000001247,0.37209302325581395349
0.4621200000000272,0.37272155876807039598
0.4635200000000168,0.37335009428032683847
0.4671289999999999,0.37397862979258328096
0.4672379999999521,0.37460716530483972344
0.46802999999999884,0.37523570081709616593
0.4693019999999706,0.37586423632935260842
0.4701390000000174,0.37649277184160905091
0.47237300000006144,0.37712130735386549340
0.47300400000005993,0.37774984286612193589
0.47599800000000414,0.37837837837837837838
0.476647999999841,0.37900691389063482087
0.47673699999995733,0.37963544940289126336
0.47724799999969036,0.38026398491514770585
0.48164100000030885,0.38089252042740414833
0.4821889999998348,0.38152105593966059082
0.4823109999999815,0.38214959145191703331
0.48411299999997937,0.38277812696417347580
0.48444300000028306,0.38340666247642991829
0.4849360000002889,0.38403519798868636078
0.48661300000003394,0.38466373350094280327
0.4921480000000429,0.38529226901319924576
0.492949999999837,0.38592080452545568825
0.4955570000001899,0.38654934003771213074
0.49572200000011435,0.38717787554996857322
0.49812299999985044,0.38780641106222501571
0.4981980000002295,0.38843494657448145820
0.4988050000001749,0.38906348208673790069
0.4998870000000011,0.38969201759899434318
0.5004470000000083,0.39032055311125078567
0.5018760000002658,0.39094908862350722816
0.5028800000000047,0.39157762413576367065
0.5048790000000736,0.39220615964802011314
0.507331000000022,0.39283469516027655563
0.5104089999999815,0.39346323067253299811
0.5122019999998884,0.39409176618478944060
0.5139549999998962,0.39472030169704588309
0.5202799999997296,0.39534883720930232558
0.5222479999997631,0.39597737272155876807
0.5271919999997863,0.39660590823381521056
0.5281290000000354,0.39723444374607165305
0.5286029999999755,0.39786297925832809554
0.5319439999999531,0.39849151477058453803
0.5363289999995686,0.39912005028284098052
0.5366259999999556,0.39974858579509742300
0.5405419999997321,0.40037712130735386549
0.5412729999998191,0.40100565681961030798
0.5425589999999829,0.40163419233186675047
0.5459859999999708,0.40226272784412319296
0.5517369999997754,0.40289126335637963545
0.5567739999999048,0.40351979886863607794
0.5579099999999926,0.40414833438089252043
0.5591079999999238,0.40477686989314896292
0.5626239999996869,0.40540540540540540541
0.5632650000000012,0.40603394091766184789
0.5633009999999103,0.40666247642991829038
0.5643089999998665,0.40729101194217473287
0.5646919999999227,0.40791954745443117536
0.5647020000000111,0.40854808296668761785
0.5652150000000802,0.40917661847894406034
0.5671269999998003,0.40980515399120050283
0.5676300000000083,0.41043368950345694532
0.5688889999996718,0.41106222501571338781
0.5699070000000575,0.41169076052796983030
0.584243000000015,0.41231929604022627278
0.584489000000076,0.41294783155248271527
0.5854129999997895,0.41357636706473915776
0.5889529999999468,0.41420490257699560025
0.5911089999999604,0.41483343808925204274
0.5942130000000816,0.41546197360150848523
0.5966149999999288,0.41609050911376492772
0.5967430000000604,0.41671904462602137021
0.6017719999999827,0.41734758013827781270
0.6039180000002489,0.41797611565053425519
0.6077330000002803,0.41860465116279069767
0.6093929999999546,0.41923318667504714016
0.6099530000001323,0.41986172218730358265
0.6121730000002117,0.42049025769956002514
0.6155529999998635,0.42111879321181646763
0.619792999999845,0.42174732872407291012
0.620984000000135,0.42237586423632935261
0.627664999999979,0.42300439974858579510
0.6290750000000571,0.42363293526084223759
0.6295660000000112,0.42426147077309868008
0.6300939999999855,0.42489000628535512256
0.6308989999999994,0.42551854179761156505
0.6321919999998045,0.42614707730986800754
0.6346340000000055,0.42677561282212445003
0.6347040000000561,0.42740414833438089252
0.6413440000000037,0.42803268384663733501
0.647914000000128,0.42866121935889377750
0.6500479999999698,0.42928975487115021999
0.650655999999799,0.42991829038340666248
0.6515790000003108,0.43054682589566310497
0.6548569999999927,0.43117536140791954745
0.6549589999999625,0.43180389692017598994
0.6576279999999315,0.43243243243243243243
0.6605580000000373,0.43306096794468887492
0.6692739999998594,0.43368950345694531741
0.6743579999999838,0.43431803896920175990
0.6803960000000018,0.43494657448145820239
0.6817349999998896,0.43557510999371464488
0.6835230000001502,0.43620364550597108737
0.6873149999999555,0.43683218101822752986
0.7005050000002484,0.43746071653048397234
0.7027679999996508,0.43808925204274041483
0.7069739999997182,0.43871778755499685732
0.7078839999999218,0.43934632306725329981
0.7082829999999376,0.43997485857950974230
0.7138669999999365,0.44060339409176618479
0.7169290000001638,0.44123192960402262728
0.7187049999999999,0.44186046511627906977
0.7212190000000192,0.44248900062853551226
0.7212419999999611,0.44311753614079195475
0.7238350000002356,0.44374607165304839723
0.7255420000000186,0.44437460716530483972
0.7271010000000615,0.44500314267756128221
0.7298040000000583,0.44563167818981772470
0.7304239999998572,0.44626021370207416719
0.7345550000000003,0.44688874921433060968
0.7352639999999155,0.44751728472658705217
0.7432939999999917,0.44814582023884349466
0.7449590000000228,0.44877435575109993715
0.7466450000000577,0.44940289126335637964
0.7487929999999778,0.45003142677561282212
0.7488250000000107,0.45065996228786926461
0.7505310000001373,0.45128849780012570710
0.7534589999997934,0.45191703331238214959
0.7544690000000003,0.45254556882463859208
0.759068999999954,0.45317410433689503457
0.7616219999999885,0.45380263984915147706
0.7708099999999831,0.45443117536140791955
0.7745050000000901,0.45505971087366436204
0.7786479999999756,0.45568824638592080453
0.7795490000000314,0.45631678189817724701
0.7798990000000003,0.45694531741043368950
0.797903000000133,0.45757385292269013199
0.8009200000001329,0.45820238843494657448
0.8018500000000586,0.45883092394720301697
0.8097090000001117,0.45945945945945945946
0.8147440000000188,0.46008799497171590195
0.8187749999997322,0.46071653048397234444
0.8224829999999201,0.46134506599622878693
0.8283209999999599,0.46197360150848522942
0.829551000000265,0.46260213702074167190
0.8342760000000453,0.46323067253299811439
0.8359609999997701,0.46385920804525455688
0.8404919999998128,0.46448774355751099937
0.850287999999864,0.46511627906976744186
0.8539010000000076,0.46574481458202388435
0.856948999999986,0.46637335009428032684
0.874315999999908,0.46700188560653676933
0.8784279999999853,0.46763042111879321182
0.9089400000000296,0.46825895663104965431
0.9123459999999568,0.46888749214330609679
0.9145050000001902,0.46951602765556253928
0.9153380000002471,0.47014456316781898177
0.9256700000000251,0.47077309868007542426
0.9377230000000054,0.47140163419233186675
0.9416790000000219,0.47203016970458830924
0.9759839999996984,0.47265870521684475173
0.9810660000002827,0.47328724072910119422
0.988617999999974,0.47391577624135763671
0.9919850000001134,0.47454431175361407920
0.9920370000000958,0.47517284726587052168
0.9997119999998176,0.47580138277812696417
1.0148380000000543,0.47642991829038340666
1.0238449999999375,0.47705845380263984915
1.0247600000002421,0.47768698931489629164
1.0340490000003228,0.47831552482715273413
1.0381620000000567,0.47894406033940917662
1.046636000000035,0.47957259585166561911
1.0614329999999654,0.48020113136392206160
1.0663749999999936,0.48082966687617850409
1.0774880000000007,0.48145820238843494657
1.0877590000000055,0.48208673790069138906
1.102726999999959,0.48271527341294783155
1.1142540000000736,0.48334380892520427404
1.126506000000063,0.48397234443746071653
1.1378979999999927,0.48460087994971715902
1.1398940000001403,0.48522941546197360151
1.1443629999999985,0.48585795097423004400
1.1454309999999737,0.48648648648648648649
1.1467009999998936,0.48711502199874292898
1.1504339999996773,0.48774355751099937146
1.1511760000000208,0.48837209302325581395
1.159056000000021,0.48900062853551225644
1.1695210000000316,0.48962916404776869893
1.1866139999999632,0.49025769956002514142
1.1910319999999501,0.49088623507228158391
1.2060490000000073,0.49151477058453802640
1.2164099999999962,0.49214330609679446889
1.2783480000000509,0.49277184160905091138
1.2869660000000067,0.49340037712130735387
1.2913949999997385,0.49402891263356379635
1.2924850000001697,0.49465744814582023884
1.2974140000000034,0.49528598365807668133
1.29826300000002,0.49591451917033312382
1.3092570000000023,0.49654305468258956631
1.3343149999998332,0.49717159019484600880
1.338799999999992,0.49780012570710245129
1.3403070000000525,0.49842866121935889378
1.3423149999998714,0.49905719673161533627
1.3567769999999655,0.49968573224387177876
1.3642540000000736,0.50031426775612822124
1.3656839999998738,0.50094280326838466373
1.3828920000000835,0.50157133878064110622
1.3864990000001853,0.50219987429289754871
1.3874809999997524,0.50282840980515399120
1.3942520000000016,0.50345694531741043369
1.3981370000000197,0.50408548082966687618
1.400081999999884,0.50471401634192331867
1.4045129999999517,0.50534255185417976116
1.4090380000000096,0.50597108736643620365
1.413012999999978,0.50659962287869264613
1.432647999999972,0.50722815839094908862
1.4435889999999745,0.50785669390320553111
1.4565050000001065,0.50848522941546197360
1.4574159999999665,0.50911376492771841609
1.460281000000009,0.50974230043997485858
1.473497000000009,0.51037083595223130107
1.4735980000000382,0.51099937146448774356
1.4850280000000566,0.51162790697674418605
1.4928360000000112,0.51225644248900062854
1.5048360000000116,0.51288497800125707102
1.521385999999893,0.51351351351351351351
1.525166000000013,0.51414204902576995600
1.5514579999999114,0.51477058453802639849
1.5548089999999775,0.51539912005028284098
1.5731510000000526,0.51602765556253928347
1.5809210000000178,0.51665619107479572596
1.5995410000000447,0.51728472658705216845
1.599822000000131,0.51791326209930861094
1.6000470000001314,0.51854179761156505343
1.6172849999999812,0.51917033312382149591
1.6217850000000453,0.51979886863607793840
1.6247919999999993,0.52042740414833438089
1.634904000000006,0.52105593966059082338
1.6506180000000086,0.52168447517284726587
1.6529120000000148,0.52231301068510370836
1.65295500000002,0.52294154619736015085
1.6543169999999918,0.52357008170961659334
1.6647590000000037,0.52419861722187303583
1.6653909999999996,0.52482715273412947832
1.6692570000000018,0.52545568824638592080
1.6701559999999631,0.52608422375864236329
1.7015230000000088,0.52671275927089880578
1.7214500000000044,0.52734129478315524827
1.7216149999999288,0.52796983029541169076
1.724550000000022,0.52859836580766813325
1.7382430000000113,0.52922690131992457574
1.7398999999999774,0.52985543683218101823
1.7444849999999974,0.53048397234443746072
1.7534559999999146,0.53111250785669390321
1.7649310000000469,0.53174104336895034569
1.7803840000000264,0.53236957888120678818
1.7953320000000303,0.53299811439346323067
1.8016810000000305,0.53362664990571967316
1.8110540000000128,0.53425518541797611565
1.8387050000001182,0.53488372093023255814
1.8462429999999586,0.53551225644248900063
1.8552170000000388,0.53614079195474544312
1.8685550000000148,0.53676932746700188561
1.8882199999999898,0.53739786297925832810
1.9024840000000154,0.53802639849151477058
1.9457340000001295,0.53865493400377121307
2.0045939999999973,0.53928346951602765556
2.0125949999999193,0.53991200502828409805
2.020128999999997,0.54054054054054054054
2.059075000000007,0.54116907605279698303
2.0593699999999444,0.54179761156505342552
2.0924509999999827,0.54242614707730986801
2.0931060000000343,0.54305468258956631050
2.1310169999999857,0.54368321810182275299
2.138719000000009,0.54431175361407919547
2.1405439999998634,0.54494028912633563796
2.143056999999999,0.54556882463859208045
2.1753989999999703,0.54619736015084852294
2.208539999999971,0.54682589566310496543
2.2376369999999497,0.54745443117536140792
2.2466550000000325,0.54808296668761785041
2.249099000000001,0.54871150219987429290
2.257632000000001,0.54934003771213073539
2.266238999999999,0.54996857322438717788
2.2768149999999423,0.55059710873664362036
2.290173999999979,0.55122564424890006285
2.2989800000000287,0.55185417976115650534
2.3128090000000157,0.55248271527341294783
2.3141069999999218,0.55311125078566939032
2.3798810000000117,0.55373978629792583281
2.3916449999999827,0.55436832181018227530
2.3989690000000223,0.55499685732243871779
2.4197039999999674,0.55562539283469516028
2.4427890000000616,0.55625392834695160277
2.461135000000013,0.55688246385920804525
2.4704410000000507,0.55751099937146448774
2.4839129999999727,0.55813953488372093023
2.5074970000000008,0.55876807039597737272
2.5187539999999444,0.55939660590823381521
2.5210250000000087,0.56002514142049025770
2.628194999999998,0.56065367693274670019
2.6337440000000925,0.56128221244500314268
2.6338559999999944,0.56191074795725958517
2.640039999999999,0.56253928346951602766
2.647136000000046,0.56316781898177247014
2.659655999999927,0.56379635449402891263
2.668009999999981,0.56442489000628535512
2.6999539999999342,0.56505342551854179761
2.700439000000074,0.56568196103079824010
2.723502999999937,0.56631049654305468259
2.7361379999999826,0.56693903205531112508
2.745773000000014,0.56756756756756756757
2.749582000000032,0.56819610307982401006
2.7623760000000175,0.56882463859208045255
2.765574000000015,0.56945317410433689503
2.776457999999934,0.57008170961659333752
2.7781080000000884,0.57071024512884978001
2.8499360000000706,0.57133878064110622250
2.8604119999999966,0.57196731615336266499
2.8674519999999575,0.57259585166561910748
2.872722000000067,0.57322438717787554997
2.8787939999999708,0.57385292269013199246
2.8788030000000617,0.57448145820238843495
2.8816920000000437,0.57510999371464487744
2.894751000000042,0.57573852922690131992
2.901821000000382,0.57636706473915776241
2.942837000000054,0.57699560025141420490
2.965259000000003,0.57762413576367064739
2.9673740000000635,0.57825267127592708988
2.969937000000016,0.57888120678818353237
3.0055390000000557,0.57950974230043997486
3.006114000000025,0.58013827781269641735
3.036393000000089,0.58076681332495285984
3.0385800000000245,0.58139534883720930233
3.051326000000003,0.58202388434946574481
3.0787259999999605,0.58265241986172218730
3.095961000000017,0.58328095537397862979
3.1225620000000163,0.58390949088623507228
3.141410000000178,0.58453802639849151477
3.1425959999999122,0.58516656191074795726
3.172136999999907,0.58579509742300439975
3.181372999999951,0.58642363293526084224
3.220376999999985,0.58705216844751728473
3.2244619999996758,0.58768070395977372722
3.2314440000000104,0.58830923947203016970
3.2392150000000584,0.58893777498428661219
3.252228999999943,0.58956631049654305468
3.2540349999999876,0.59019484600879949717
3.2564579999998386,0.59082338152105593966
3.2624230000000125,0.59145191703331238215
3.2769349999999804,0.59208045254556882464
3.3260569999999916,0.59270898805782526713
3.3326939999999468,0.59333752357008170962
3.3797770000001037,0.59396605908233815211
3.382448000000295,0.59459459459459459459
3.4123560000000452,0.59522313010685103708
3.4133039999999824,0.59585166561910747957
3.4248710000001665,0.59648020113136392206
3.4265250000000833,0.59710873664362036455
3.433852999999999,0.59773727215587680704
3.43478099999993,0.59836580766813324953
3.438543999999979,0.59899434318038969202
3.4387210000000152,0.59962287869264613451
3.4530409999999847,0.60025141420490257700
3.453715000000102,0.60087994971715901948
3.4581980000000385,0.60150848522941546197
3.464672000000064,0.60213702074167190446
3.4739520000002813,0.60276555625392834695
3.484027000000026,0.60339409176618478944
3.48943799999995,0.60402262727844123193
3.4895580000000024,0.60465116279069767442
3.4954409999998006,0.60527969830295411691
3.503243999999995,0.60590823381521055940
3.5279370000002928,0.60653676932746700189
3.53248799999983,0.60716530483972344437
3.5354909999998654,0.60779384035197988686
3.5497380000000476,0.60842237586423632935
3.5907219999999143,0.60905091137649277184
3.5959459999999126,0.60967944688874921433
3.600131000000033,0.61030798240100565682
3.6182269999999903,0.61093651791326209931
3.6251079999999547,0.61156505342551854180
3.6509949999999662,0.61219358893777498429
3.6531389999999533,0.61282212445003142678
3.682123000000047,0.61345065996228786926
3.7116890000000353,0.61407919547454431175
3.7136219999999867,0.61470773098680075424
3.7139499999998407,0.61533626649905719673
3.7140940000003866,0.61596480201131363922
3.7144080000000486,0.61659333752357008171
3.715321000000017,0.61722187303582652420
3.7157200000001467,0.61785040854808296669
3.722759999999994,0.61847894406033940918
3.728676,0.61910747957259585167
3.731393999999966,0.61973601508485229415
3.7390109999998913,0.62036455059710873664
3.767857000000049,0.62099308610936517913
3.7767619999999624,0.62162162162162162162
3.7781220000001667,0.62225015713387806411
3.7860709999999926,0.62287869264613450660
3.7960429999999405,0.62350722815839094909
3.805043000000296,0.62413576367064739158
3.806434000000081,0.62476429918290383407
3.8090420000000336,0.62539283469516027656
3.8184149999997317,0.62602137020741671904
3.8276949999999488,0.62664990571967316153
3.830752000000075,0.62727844123192960402
3.8527890000000014,0.62790697674418604651
3.8621209999998882,0.62853551225644248900
3.8687539999999956,0.62916404776869893149
3.886331000000041,0.62979258328095537398
3.8963260000000446,0.63042111879321181647
3.9037819999999783,0.63104965430546825896
3.906615000000329,0.63167818981772470145
3.9121379999999135,0.63230672532998114393
3.9324710000000778,0.63293526084223758642
3.9342530000003535,0.63356379635449402891
3.9368429999999535,0.63419233186675047140
3.951779999999985,0.63482086737900691389
3.96722699999998,0.63544940289126335638
3.96912599999996,0.63607793840351979887
3.978862000000163,0.63670647391577624136
3.9945060000000012,0.63733500942803268385
3.9952760000001035,0.63796354494028912634
3.9991480000001047,0.63859208045254556882
4.001007999999956,0.63922061596480201131
4.0077589999999645,0.63984915147705845380
4.011374999999987,0.64047768698931489629
4.016341000000011,0.64110622250157133878
4.022634999999809,0.64173475801382778127
4.025523000000007,0.64236329352608422376
4.054002999999966,0.64299182903834066625
4.057182000000012,0.64362036455059710874
4.058946999999989,0.64424890006285355123
4.073739999999816,0.64487743557510999371
4.079079999999976,0.64550597108736643620
4.081196000000091,0.64613450659962287869
4.0860830000000306,0.64676304211187932118
4.090166999999999,0.64739157762413576367
4.092200999999932,0.64802011313639220616
4.092625999999882,0.64864864864864864865
4.092971000000034,0.64927718416090509114
4.098707999999988,0.64990571967316153363
4.102701999999681,0.65053425518541797612
4.111161999999922,0.65116279069767441860
4.123648000000003,0.65179132620993086109
4.125442999999905,0.65241986172218730358
4.126950999999963,0.65304839723444374607
4.1308950000000095,0.65367693274670018856
4.136304000000109,0.65430546825895663105
4.140964999999596,0.65493400377121307354
4.141679999999951,0.65556253928346951603
4.144810999999976,0.65619107479572595852
4.146186999999941,0.65681961030798240101
4.147821000000022,0.65744814582023884349
4.155203999999912,0.65807668133249528598
4.1616590000001,0.65870521684475172847
4.164445999999998,0.65933375235700817096
4.168771000000106,0.65996228786926461345
4.1748569999999745,0.66059082338152105594
4.179171999999653,0.66121935889377749843
4.180490000000191,0.66184789440603394092
4.181773999999905,0.66247642991829038341
4.1917819999998756,0.66310496543054682590
4.193496999999752,0.66373350094280326838
4.19555500000024,0.66436203645505971087
4.221130999999787,0.66499057196731615336
4.222795000000133,0.66561910747957259585
4.230905000000007,0.66624764299182903834
4.239015999999992,0.66687617850408548083
4.251882000000023,0.66750471401634192332
4.255240999999842,0.66813324952859836581
4.256818000000067,0.66876178504085480830
4.2714129999999955,0.66939032055311125079
4.273353000000043,0.67001885606536769327
4.274535000000014,0.67064739157762413576
4.277376999999888,0.67127592708988057825
4.277804999999944,0.67190446260213702074
4.279287999999724,0.67253299811439346323
4.279458999999861,0.67316153362664990572
4.282629000000043,0.67379006913890634821
4.288887000000045,0.67441860465116279070
4.288923000000068,0.67504714016341923319
4.289151999999831,0.67567567567567567568
4.28921600000001,0.67630421118793211816
4.290715999999975,0.67693274670018856065
4.291286000000127,0.67756128221244500314
4.2915069999999105,0.67818981772470144563
4.292503000000124,0.67881835323695788812
4.2963700000000244,0.67944688874921433061
4.296776000000023,0.68007542426147077310
4.297657000000072,0.68070395977372721559
4.301400000000285,0.68133249528598365808
4.301563999999985,0.68196103079824010057
4.312935000000152,0.68258956631049654305
4.317761000000019,0.68321810182275298554
4.325277999999969,0.68384663733500942803
4.332824999999957,0.68447517284726587052
4.333290000000034,0.68510370835952231301
4.335429000000204,0.68573224387177875550
4.338207000000239,0.68636077938403519799
4.340291999999977,0.68698931489629164048
4.341085000000021,0.68761785040854808297
4.341294000000289,0.68824638592080452546
4.342963999999938,0.68887492143306096794
4.343392999999992,0.68950345694531741043
4.345698000000084,0.69013199245757385292
4.34713099999999,0.69076052796983029541
4.352807000000098,0.69138906348208673790
4.353816000000052,0.69201759899434318039
4.362533999999869,0.69264613450659962288
4.376788000000033,0.69327467001885606537
4.383971999999858,0.69390320553111250786
4.384678999999778,0.69453174104336895035
4.388864000000012,0.69516027655562539283
4.397771000000148,0.69578881206788183532
4.398053000000118,0.69641734758013827781
4.4109529999999495,0.69704588309239472030
4.4112590000002,0.69767441860465116279
4.419089999999869,0.69830295411690760528
4.423245000000406,0.69893148962916404777
4.427314000000024,0.69956002514142049026
4.427598999999873,0.70018856065367693275
4.427848999999924,0.70081709616593337524
4.430444999999963,0.70144563167818981772
4.431761999999935,0.70207416719044626021
4.459549000000152,0.70270270270270270270
4.46943199999987,0.70333123821495914519
4.470203000000026,0.70395977372721558768
4.474605000000338,0.70458830923947203017
4.477703999999989,0.70521684475172847266
4.478164000000106,0.70584538026398491515
4.480108999999629,0.70647391577624135764
4.480323000000226,0.70710245128849780013
4.48070800000005,0.70773098680075424261
4.480919000000085,0.70835952231301068510
4.490589999999884,0.70898805782526712759
4.49164299999984,0.70961659333752357008
4.493292999999994,0.71024512884978001257
4.495278999999982,0.71087366436203645506
4.4957979999999225,0.71150219987429289755
4.499143000000004,0.71213073538654934004
4.504290999999739,0.71275927089880578253
4.507086999999956,0.71338780641106222502
4.509041000000252,0.71401634192331866750
4.510091999999986,0.71464487743557510999
4.510782000000063,0.71527341294783155248
4.513975000000073,0.71590194846008799497
4.515712000000008,0.71653048397234443746
4.517451999999992,0.71715901948460087995
4.522547000000031,0.71778755499685732244
4.526429000000007,0.71841609050911376493
4.528520999999728,0.71904462602137020742
4.529943000000003,0.71967316153362664991
4.531307999999967,0.72030169704588309239
4.532392000000073,0.72093023255813953488
4.533612999999605,0.72155876807039597737
4.535652999999911,0.72218730358265241986
4.536676,0.72281583909490886235
4.540886,0.72344437460716530484
4.5481009999998605,0.72407291011942174733
4.551510999999891,0.72470144563167818982
4.5529240000000755,0.72532998114393463231
4.5531089999999494,0.72595851665619107480
4.554086000000325,0.72658705216844751728
4.556943000000047,0.72721558768070395977
4.557618999999704,0.72784412319296040226
4.560626000000184,0.72847265870521684475
4.562275,0.72910119421747328724
4.562570999999934,0.72972972972972972973
4.563335999999708,0.73035826524198617222
4.563521000000037,0.73098680075424261471
4.56648099999984,0.73161533626649905720
4.566610000000082,0.73224387177875549969
4.567875999999615,0.73287240729101194217
4.570190000000025,0.73350094280326838466
4.5709280000000945,0.73412947831552482715
4.572342999999819,0.73475801382778126964
4.572738999999956,0.73538654934003771213
4.572893999999906,0.73601508485229415462
4.574359999999842,0.73664362036455059711
4.574696000000131,0.73727215587680703960
4.574807000000192,0.73790069138906348209
4.576437000000169,0.73852922690131992458
4.5766130000001795,0.73915776241357636706
4.577504000000317,0.73978629792583280955
4.579673000000184,0.74041483343808925204
4.580291999999986,0.74104336895034569453
4.581591000000117,0.74167190446260213702
4.582302999999911,0.74230043997485857951
4.582502999999974,0.74292897548711502200
4.582513000000006,0.74355751099937146449
4.58280300000024,0.74418604651162790698
4.582942000000003,0.74481458202388434947
4.582958999999846,0.74544311753614079195
4.584330000000136,0.74607165304839723444
4.585037999999713,0.74670018856065367693
4.587814999999864,0.74732872407291011942
4.588538999999997,0.74795725958516656191
4.589224000000058,0.74858579509742300440
4.589993999999933,0.74921433060967944689
4.590021,0.74984286612193588938
4.590124000000287,0.75047140163419233187
4.591519999999946,0.75109993714644877436
4.592323999999735,0.75172847265870521684
4.592566000000261,0.75235700817096165933
4.594336999999996,0.75298554368321810182
4.594590000000153,0.75361407919547454431
4.599900999999591,0.75424261470773098680
4.605395000000044,0.75487115021998742929
4.605735999999979,0.75549968573224387178
4.607467000000042,0.75612822124450031427
4.608997000000272,0.75675675675675675676
4.611844000000019,0.75738529226901319925
4.612948999999986,0.75801382778126964173
4.613299000000097,0.75864236329352608422
4.6135550000003605,0.75927089880578252671
4.613966000000119,0.75989943431803896920
4.614240999999993,0.76052796983029541169
4.614694000000327,0.76115650534255185418
4.6169720000000325,0.76178504085480829667
4.619426999999632,0.76241357636706473916
4.620246000000009,0.76304211187932118165
4.621096999999963,0.76367064739157762414
4.62203999999997,0.76429918290383406662
4.622307999999975,0.76492771841609050911
4.622437999999875,0.76555625392834695160
4.622562000000016,0.76618478944060339409
4.623627999999826,0.76681332495285983658
4.624280999999883,0.76744186046511627907
4.62782100000004,0.76807039597737272156
4.628228999999919,0.76869893148962916405
4.6285250000000815,0.76932746700188560654
4.628783999999996,0.76995600251414204903
4.628955000000133,0.77058453802639849151
4.628961000000345,0.77121307353865493400
4.629764999999679,0.77184160905091137649
4.630919999999989,0.77247014456316781898
4.631724000000304,0.77309868007542426147
4.632523999999648,0.77372721558768070396
4.632846999999856,0.77435575109993714645
4.6347090000000435,0.77498428661219358894
4.636448999999857,0.77561282212445003143
4.637834000000112,0.77624135763670647392
4.638846000000285,0.77686989314896291640
4.641411000000062,0.77749842866121935889
4.641411999999946,0.77812696417347580138
4.6420590000000175,0.77875549968573224387
4.643247999999858,0.77938403519798868636
4.644592999999986,0.78001257071024512885
4.649745000000166,0.78064110622250157134
4.65357999999992,0.78126964173475801383
4.654559000000063,0.78189817724701445632
4.654696000000058,0.78252671275927089881
4.65513599999997,0.78315524827152734129
4.655717999999979,0.78378378378378378378
4.655861999999956,0.78441231929604022627
4.656161999999995,0.78504085480829666876
4.6640299999999115,0.78566939032055311125
4.665948000000071,0.78629792583280955374
4.668235000000095,0.78692646134506599623
4.6708340000000135,0.78755499685732243872
4.673361000000114,0.78818353236957888121
4.675350999999864,0.78881206788183532370
4.675478999999996,0.78944060339409176618
4.675879999999779,0.79006913890634820867
4.676609000000099,0.79069767441860465116
4.677059000000099,0.79132620993086109365
4.678297999999813,0.79195474544311753614
4.678582000000006,0.79258328095537397863
4.68166199999996,0.79321181646763042112
4.684464999999818,0.79384035197988686361
4.685926999999992,0.79446888749214330610
4.6870400000000245,0.79509742300439974859
4.688480999999911,0.79572595851665619107
4.692022999999608,0.79635449402891263356
4.692688999999973,0.79698302954116907605
4.698511999999937,0.79761156505342551854
4.6988739999999325,0.79824010056568196103
4.700171999999839,0.79886863607793840352
4.70317399999999,0.79949717159019484601
4.704968999999892,0.80012570710245128850
4.705351999999948,0.80075424261470773099
4.7066339999998945,0.80138277812696417348
4.709052999999983,0.80201131363922061596
4.712626,0.80263984915147705845
4.712912000000415,0.80326838466373350094
4.714504999999917,0.80389692017598994343
4.714943999999832,0.80452545568824638592
4.716142999999988,0.80515399120050282841
4.7169320000000425,0.80578252671275927090
4.718001000000186,0.80641106222501571339
4.722366999999849,0.80703959773727215588
4.722713999999996,0.80766813324952859837
4.7282690000000045,0.80829666876178504085
4.729377000000113,0.80892520427404148334
4.730964999999969,0.80955373978629792583
4.732394999999997,0.81018227529855436832
4.734883000000082,0.81081081081081081081
4.73744499999998,0.81143934632306725330
4.738122999999973,0.81206788183532369579
4.738230999999814,0.81269641734758013828
4.742544999999609,0.81332495285983658077
4.745114999999998,0.81395348837209302326
4.745967999999721,0.81458202388434946574
4.746498000000031,0.81521055939660590823
4.7503169999999955,0.81583909490886235072
4.755286999999953,0.81646763042111879321
4.758329000000231,0.81709616593337523570
4.760335000000168,0.81772470144563167819
4.765913999999839,0.81835323695788812068
4.766038000000208,0.81898177247014456317
4.766541999999845,0.81961030798240100566
4.767720000000281,0.82023884349465744815
4.768771000000015,0.82086737900691389063
4.76970799999998,0.82149591451917033312
4.771262999999976,0.82212445003142677561
4.773895999999979,0.82275298554368321810
4.777132999999992,0.82338152105593966059
4.780259999999998,0.82401005656819610308
4.780987999999979,0.82463859208045254557
4.783873999999969,0.82526712759270898806
4.786550000000034,0.82589566310496543055
4.791271999999935,0.82652419861722187304
4.792032000000063,0.82715273412947831552
4.792993999999908,0.82778126964173475801
4.7980139999999665,0.82840980515399120050
4.800027000000227,0.82903834066624764299
4.803246999999828,0.82966687617850408548
4.80356299999994,0.83029541169076052797
4.8037299999998595,0.83092394720301697046
4.803981999999905,0.83155248271527341295
4.804867000000058,0.83218101822752985544
4.80592200000001,0.83280955373978629793
4.807954999999993,0.83343808925204274041
4.808255999999801,0.83406662476429918290
4.811065999999755,0.83469516027655562539
4.813978000000134,0.83532369578881206788
4.816931999999724,0.83595223130106851037
4.8180440000001,0.83658076681332495286
4.820877999999993,0.83720930232558139535
4.8217710000000125,0.83783783783783783784
4.823965000000044,0.83846637335009428033
4.824873000000025,0.83909490886235072282
4.826840000000175,0.83972344437460716530
4.828639999999723,0.84035197988686360779
4.829393999999866,0.84098051539912005028
4.832300000000032,0.84160905091137649277
4.833192000000054,0.84223758642363293526
4.836484999999925,0.84286612193588937775
4.838204999999988,0.84349465744814582024
4.838735000000042,0.84412319296040226273
4.839799999999741,0.84475172847265870522
4.840091999999913,0.84538026398491514771
4.841302000000269,0.84600879949717159019
4.841852000000017,0.84663733500942803268
4.842358999999988,0.84726587052168447517
4.843409999999949,0.84789440603394091766
4.84551300000021,0.84852294154619736015
4.84666500000003,0.84915147705845380264
4.847874000000047,0.84978001257071024513
4.848360999999841,0.85040854808296668762
4.848927999999887,0.85103708359522313011
4.849156999999877,0.85166561910747957260
4.850126000000046,0.85229415461973601508
4.851437000000033,0.85292269013199245757
4.852512999999817,0.85355122564424890006
4.853033999999752,0.85417976115650534255
4.853450000000066,0.85480829666876178504
4.854091999999923,0.85543683218101822753
4.85540200000014,0.85606536769327467002
4.856216000000131,0.85669390320553111251
4.85623499999997,0.85732243871778755500
4.856292999999994,0.85795097423004399749
4.856500999999994,0.85857950974230043997
4.856666000000132,0.85920804525455688246
4.857550000000174,0.85983658076681332495
4.857578999999987,0.86046511627906976744
4.857959999999821,0.86109365179132620993
4.858688999999686,0.86172218730358265242
4.85945300000003,0.86235072281583909491
4.859976000000188,0.86297925832809553740
4.860031000000163,0.86360779384035197989
4.860549999999989,0.86423632935260842238
4.861120000000028,0.86486486486486486486
4.861194000000069,0.86549340037712130735
4.861203999999816,0.86612193588937774984
4.861594999999852,0.86675047140163419233
4.861609999999928,0.86737900691389063482
4.861642999999958,0.86800754242614707731
4.862347,0.86863607793840351980
4.862489000000096,0.86926461345065996229
4.862956999999938,0.86989314896291640478
4.863137000000279,0.87052168447517284727
4.864088999999694,0.87115021998742928975
4.864090000000033,0.87177875549968573224
4.864189000000124,0.87240729101194217473
4.865851000000021,0.87303582652419861722
4.866122999999789,0.87366436203645505971
4.866256000000021,0.87429289754871150220
4.866308000000117,0.87492143306096794469
4.866361999999981,0.87554996857322438718
4.866944999999987,0.87617850408548082967
4.867474000000129,0.87680703959773727216
4.868718999999942,0.87743557510999371464
4.870017999999618,0.87806411062225015713
4.870374999999967,0.87869264613450659962
4.871367999999961,0.87932118164676304211
4.872499000000005,0.87994971715901948460
4.873121000000083,0.88057825267127592709
4.874763999999686,0.88120678818353236958
4.875129999999899,0.88183532369578881207
4.876125999999999,0.88246385920804525456
4.877614000000449,0.88309239472030169705
4.877651000000242,0.88372093023255813953
4.87777200000005,0.88434946574481458202
4.878107,0.88497800125707102451
4.879088000000138,0.88560653676932746700
4.879306000000042,0.88623507228158390949
4.8794669999997495,0.88686360779384035198
4.879562000000078,0.88749214330609679447
4.880425000000059,0.88812067881835323696
4.880576000000019,0.88874921433060967945
4.881718000000092,0.88937774984286612194
4.881797000000006,0.89000628535512256442
4.8821650000000005,0.89063482086737900691
4.882648000000017,0.89126335637963544940
4.882829000000129,0.89189189189189189189
4.883530000000064,0.89252042740414833438
4.883728999999903,0.89314896291640477687
4.883771000000252,0.89377749842866121936
4.8841919999999845,0.89440603394091766185
4.884802000000036,0.89503456945317410434
4.884817999999996,0.89566310496543054683
4.884933999999703,0.89629164047768698931
4.885330000000067,0.89692017598994343180
4.885577000000012,0.89754871150219987429
4.885924000000159,0.89817724701445631678
4.8859530000002,0.89880578252671275927
4.885976999999912,0.89943431803896920176
4.886344999999892,0.90006285355122564425
4.886592999999948,0.90069138906348208674
4.8869660000000295,0.90131992457573852923
4.887054999999691,0.90194846008799497172
4.887422000000242,0.90257699560025141420
4.887426000000232,0.90320553111250785669
4.8878819999999905,0.90383406662476429918
4.888402000000042,0.90446260213702074167
4.888964000000044,0.90509113764927718416
4.889402000000246,0.90571967316153362665
4.890859000000091,0.90634820867379006914
4.8909490000000915,0.90697674418604651163
4.891461999999592,0.90760527969830295412
4.891777000000047,0.90823381521055939661
4.892136000000164,0.90886235072281583909
4.892410000000041,0.90949088623507228158
4.892675000000004,0.91011942174732872407
4.892888000000312,0.91074795725958516656
4.893522999999732,0.91137649277184160905
4.8935270000001765,0.91200502828409805154
4.893535000000156,0.91263356379635449403
4.893549999999777,0.91326209930861093652
4.893789000000197,0.91389063482086737901
4.893802999999934,0.91451917033312382150
4.894180000000233,0.91514770584538026398
4.894685999999638,0.91577624135763670647
4.894936,0.91640477686989314896
4.894958999999972,0.91703331238214959145
4.895052000000021,0.91766184789440603394
4.895082999999886,0.91829038340666247643
4.895099999999729,0.91891891891891891892
4.895430999999917,0.91954745443117536141
4.896196000000003,0.92017598994343180390
4.8971990000000005,0.92080452545568824639
4.897449999999935,0.92143306096794468887
4.897578999999951,0.92206159648020113136
4.897944999999709,0.92269013199245757385
4.89822600000025,0.92331866750471401634
4.89835400000004,0.92394720301697045883
4.898588000000018,0.92457573852922690132
4.898826999999983,0.92520427404148334381
4.8989500000000135,0.92583280955373978630
4.899024999999938,0.92646134506599622879
4.899789000000055,0.92708988057825267128
4.900122999999894,0.92771841609050911376
4.901358999999957,0.92834695160276555625
4.901434999999992,0.92897548711502199874
4.901827000000139,0.92960402262727844123
4.902370000000019,0.93023255813953488372
4.902460000000019,0.93086109365179132621
4.9039029999999,0.93148962916404776870
4.9040899999999965,0.93211816467630421119
4.904098000000204,0.93274670018856065368
4.9042490000001635,0.93337523570081709617
4.904849999999897,0.93400377121307353865
4.905646999999988,0.93463230672532998114
4.906533999999738,0.93526084223758642363
4.9069769999999835,0.93588937774984286612
4.908133999999791,0.93651791326209930861
4.91223500000001,0.93714644877435575110
4.9176949999996395,0.93777498428661219359
4.924547999999959,0.93840351979886863608
4.928875999999946,0.93903205531112507857
4.935551000000032,0.93966059082338152106
4.939657000000125,0.94028912633563796354
4.944470000000365,0.94091766184789440603
4.9578650000000835,0.94154619736015084852
4.963322000000005,0.94217473287240729101
4.963843999999995,0.94280326838466373350
4.966306000000003,0.94343180389692017599
4.971436000000267,0.94406033940917661848
4.974101000000246,0.94468887492143306097
4.977669999999989,0.94531741043368950346
4.987778000000162,0.94594594594594594595
4.995090000000118,0.94657448145820238843
4.996908000000076,0.94720301697045883092
5.00853300000017,0.94783155248271527341
5.0096150000003945,0.94846008799497171590
5.010440000000017,0.94908862350722815839
5.011691999999982,0.94971715901948460088
5.012532000000192,0.95034569453174104337
5.013729000000012,0.95097423004399748586
5.014328999999975,0.95160276555625392835
5.018873999999869,0.95223130106851037084
5.026789999999892,0.95285983658076681332
5.027378999999883,0.95348837209302325581
5.028153000000202,0.95411690760527969830
5.033473999999842,0.95474544311753614079
5.035544000000073,0.95537397862979258328
5.036148000000139,0.95600251414204902577
5.040306000000328,0.95663104965430546826
5.040606000000025,0.95725958516656191075
5.052892000000156,0.95788812067881835324
5.062967999999955,0.95851665619107479573
5.066685000000007,0.95914519170333123821
5.070302999999967,0.95977372721558768070
5.07549199999994,0.96040226272784412319
5.079609000000005,0.96103079824010056568
5.080680999999913,0.96165933375235700817
5.089326999999685,0.96228786926461345066
5.0909200000000965,0.96291640477686989315
5.0917129999998,0.96354494028912633564
5.095876999999973,0.96417347580138277813
5.097907000000305,0.96480201131363922062
5.099245999999994,0.96543054682589566310
5.099535000000003,0.96605908233815210559
5.100779999999986,0.96668761785040854808
5.102805999999873,0.96731615336266499057
5.105043000000023,0.96794468887492143306
5.105817999999999,0.96857322438717787555
5.106058999999732,0.96920175989943431804
5.109523000000081,0.96983029541169076053
5.112161999999898,0.97045883092394720302
5.114755999999993,0.97108736643620364551
5.115144999999984,0.97171590194846008799
5.120280000000093,0.97234443746071653048
5.12137899999999,0.97297297297297297297
5.124844999999823,0.97360150848522941546
5.127260999999635,0.97423004399748585795
5.127572999999984,0.97485857950974230044
5.129488000000038,0.97548711502199874293
5.131395999999768,0.97611565053425518542
5.131635000000017,0.97674418604651162791
5.1327540000002045,0.97737272155876807040
5.134279999999762,0.97800125707102451288
5.13855999999987,0.97862979258328095537
5.1387180000001536,0.97925832809553739786
5.141654999999901,0.97988686360779384035
5.144055999999999,0.98051539912005028284
5.152423999999883,0.98114393463230672533
5.153087999999798,0.98177247014456316782
5.153966000000082,0.98240100565681961031
5.154349000000025,0.98302954116907605280
5.1589930000000095,0.98365807668133249529
5.159168000000136,0.98428661219358893777
5.1610860000000685,0.98491514770584538026
5.162227000000257,0.98554368321810182275
5.162545000000023,0.98617221873035826524
5.163481999999931,0.98680075424261470773
5.163610999999946,0.98742928975487115022
5.165002999999615,0.98805782526712759271
5.165207999999893,0.98868636077938403520
5.165212999999994,0.98931489629164047769
5.166044999999997,0.98994343180389692018
5.167210999999952,0.99057196731615336266
5.167668,0.99120050282840980515
5.168187999999873,0.99182903834066624764
5.168495999999777,0.99245757385292269013
5.168747000000053,0.99308610936517913262
5.170389999999998,0.99371464487743557511
5.170865000000049,0.99434318038969201760
5.171363999999812,0.99497171590194846009
5.171417999999903,0.99560025141420490258
5.171632999999929,0.99622878692646134507
5.341235999999753,0.99685732243871778755
5.360550000000046,0.99748585795097423004
5.38315700000021,0.99811439346323067253
5.415391999999883,0.99874292897548711502
5.416117999999869,0.99937146448774355751
6.138244999999998,1.00000000000000000000
