4.80467
6.96194
8.16962
5.5298
9.65681
8.43945
12.5925
14.854
2.58276
6.31921
4.35051
24.4969
4.13038
7.55225
6.4065
3.75766
30.2838
18.8053
7.75929
15.1755
12.7505
17.583
6.39008
3.35158
3.26121
9.92338
5.33812
9.62109
5.03945
4.12218
7.24736
7.4947
2.58302
11.7908
4.53362
6.11946
3.76297
7.46806
2.82549
2.76129
5.33482
10.7809
5.99241
12.9938
12.2711
18.8975
99
10.0655
4.7543
4.45529
7.69523
3.03043
13.2551
18.2917
5.32644
3.90228
2.99905
4.40472
13.4942
11.667
8.81372
4.10634
6.26216
5.28821
8.96744
14.0174
16.5221
6.99056
14.0324
10.6679
6.99429
3.58572
4.82422
25.2277
22.1621
6.34947
6.9504
18.8554
10.2018
3.1755
20.2384
5.45183
21.9282
8.22138
3.74249
2.6308
7.61951
6.9703
3.82234
4.7152
6.16356
2.62589
7.39996
3.15868
4.3066
5.32836
6.25246
7.78783
4.65167
9.07724
8.80563
11.7352
13.9229
11.7783
10.5089
2.74798
7.38369
5.46855
4.0653
26.9647
4.14686
6.50073
4.29534
30.2838
18.5111
4.55482
15.9798
18.0702
16.3307
5.47296
2.38197
10.4352
10.8682
5.53464
3.64377
7.24736
7.09333
3.50892
11.9951
4.53362
5.83294
3.94007
5.85928
3.33717
6.13673
3.55146
12.532
14.3624
11.8717
19.4614
4.51633
9.34639
3.61946
11.6414
2.84994
19.2636
2.85225
3.90228
3.52147
2.50503
13.091
13.0101
7.74333
4.10634
5.28821
8.82742
9.55539
6.99056
14.5603
10.6679
6.23946
3.28773
5.42396
20.6102
5.72219
18.8554
4.8173
20.5579
16.5997
2.72395
5.70526
23.4749
8.99824
6.81272
3.05578
4.07859
5.49511
6.36841
7.28548
6.9703
3.82234
4.42919
2.58427
2.6164
4.49705
4.9199
5.36886
8.11589
4.48145
8.9534
8.43945
7.15583
2.20959
6.24861
4.16097
24.4969
4.74131
7.56755
2.96318
30.2202
19.4926
3.98299
16.5317
18.4349
6.08193
3.46453
6.34908
10.0665
9.56037
5.03945
3.64377
5.4962
7.55039
2.51856
11.9772
4.53362
5.82705
3.70212
6.04576
3.51902
5.33482
14.0728
14.7911
8.39157
13.0581
19.2241
5.91473
9.34639
3.61946
7.34996
3.88
16.8236
4.90103
3.90228
2.55889
8.11594
3.8666
12.7907
13.3107
7.47454
3.47721
4.56856
8.6901
14.0174
7.50172
14.0324
9.98303
9.24945
6.99429
3.28773
5.57962
20.7887
21.3739
5.80875
11.0949
19.0206
3.90071
4.19908
20.0082
6.45467
5.93708
19.5633
9.3355
7.5377
5.14724
6.70034
6.51307
3.77796
5.92439
5.05641
2.59593
5.55112
2.61655
4.48936
4.80467
5.41315
4.78652
5.5298
9.65681
8.43945
15.7093
2.58276
6.31921
4.06545
24.4969
4.19056
6.11027
4.15743
2.64171
5.63382
6.67861
29.9873
19.4926
4.38932
18.6049
16.4103
10.6123
16.1133
17.1267
5.814
3.26121
9.92338
9.23858
5.03945
3.64377
7.24736
7.4947
1.74726
10.2907
4.53362
6.90772
4.07604
5.85928
4.97727
3.33717
5.57659
10.6691
14.3624
12.2711
19.2052
4.59406
9.26427
3.08071
7.51863
3.03593
16.8236
4.90103
4.1771
2.13802
4.04463
11.5939
16.5431
14.7886
9.2729
14.2597
8.45115
4.10634
5.28821
9.49872
14.0801
7.18452
15.6796
10.1899
8.50675
11.8168
11.2904
6.98841
3.92807
4.82422
22.1621
5.82439
18.8554
4.8173
19.7959
5.70526
25.6394
10.0341
7.5377
2.6308
7.83338
5.93495
5.02276
4.74887
5.18314
99
1.96793
4.13735
4.80467
5.43021
8.17769
5.2938
9.65063
8.43945
15.5856
9.83172
2.58276
6.31921
4.06545
26.9647
3.44117
6.11027
4.01558
4.24714
28.8005
18.9502
4.10507
3.66995
16.8256
19.1482
5.814
3.26121
10.6776
9.56037
5.92169
3.64377
2.50156
7.03466
7.4947
2.25992
13.15
4.75256
6.16028
3.94007
3.279
5.39791
3.33717
5.33482
11.363
14.9367
12.5786
19.8955
19.4614
0.951564
7.6098
9.23412
3.61946
7.41476
3.59423
18.2427
5.32644
3.90228
3.06695
4.04463
12.7907
13.9445
7.40365
5.11945
6.19692
8.86248
10.7397
7.9631
13.4604
10.6679
6.99429
3.80939
5.04582
8.54402
6.0648
18.8554
5.34245
19.8623
5.70526
22.6151
8.02187
7.5377
4.01005
7.24575
6.9703
4.5375
3.64183
3.92097
6.14451
1.97625
2.6164
4.89587
4.13735
5.22435
6.10056
7.34802
4.48145
9.02979
8.37775
14.231
2.58276
6.31921
4.16097
36.8362
4.62791
6.11948
5.34941
3.23636
2.61063
8.74068
29.9873
19.4926
21.8621
4.38932
17.4855
19.1087
6.39008
6.7512
3.26121
9.92338
9.23554
7.60397
2.55004
3.75905
2.36873
8.03595
7.55814
1.93702
11.9772
4.53362
11.4034
6.14286
2.96551
6.20066
3.05227
4.93165
17.0146
99
14.3624
12.2711
19.4614
4.50287
8.98244
9.75485
4.8591
7.34996
4.11475
18.2917
5.32644
3.90228
1.20347
3.8666
12.7907
13.2168
12.0406
8.391
4.20462
5.28821
5.94252
5.96246
25.4065
99
6.99056
14.7064
10.8224
7.60602
3.28773
5.42396
22.1621
5.80875
18.8554
2.83365
8.28615
19.8744
20.0082
5.70526
23.4749
10.3493
9.30274
6.80015
4.07859
7.6969
6.9703
3.10393
4.5543
4.67415
2.4308
2.6164
4.97202
2.70587
5.025
5.82118
8.43723
5.2938
9.65681
9.24842
14.854
2.58276
6.31921
3.972
24.4969
4.14686
5.08952
3.82272
31.1413
32.2815
19.5668
4.58202
16.5317
16.7904
15.2795
5.44493
2.4129
9.58026
9.23858
9.87079
3.20699
3.81515
6.905
7.4947
2.27439
11.5026
4.53362
5.94087
3.50151
5.85928
3.33717
5.41021
5.34534
13.5559
14.3624
12.2711
15.4107
19.021
3.02927
9.73829
3.61946
7.51863
4.13973
16.8724
5.01251
4.32053
5.03125
3.27043
12.7907
13.3107
5.50154
4.20462
5.28821
8.6901
14.0174
6.99056
14.5603
14.8246
10.0298
8.99259
5.69418
4.76904
3.36618
3.73698
22.4429
7.75926
18.8554
4.8173
20.0082
6.482
23.4749
27.0292
9.3355
6.9888
4.07859
7.75054
7.07036
6.9703
3.82234
4.7152
2.31858
99
4.67873
5.025
5.82118
8.01139
12.7053
5.2938
8.09073
8.87226
14.854
2.58276
6.58678
4.06545
27.8616
32.9727
3.77659
7.84265
6.11027
3.87273
25.0228
31.0759
19.4926
4.10507
17.1539
18.4349
5.43026
3.26121
9.01807
8.59463
4.39831
4.10432
7.35841
9.00956
2.61569
11.0119
9.08861
4.53362
6.16028
3.42621
5.79375
3.51595
5.33482
13.6253
8.30285
13.5441
12.7198
19.4614
5.79314
9.75081
4.59853
3.5815
7.14383
4.68161
7.06853
3.01984
14.5794
10.6952
15.9861
4.90103
3.90228
1.60642
3.27922
7.04123
5.65056
2.98292
12.7907
13.0101
7.9104
3.51393
4.83744
4.90202
8.39358
4.15142
15.0704
8.12755
11.9396
10.6679
6.99429
3.58141
3.49046
6.29508
21.3592
18.9821
20.724
6.05012
19.0206
15.3409
5.30282
19.5526
20.0082
5.09305
19.6855
23.4749
9.3355
7.5377
4.51777
6.22545
9.04462
4.14579
4.62918
2.31858
2.6164
4.49705
5.025
4.9598
5.82118
8.30786
5.2938
9.02979
8.43945
15.3213
2.58276
6.31921
2.98992
26.9647
4.19056
6.11027
4.57145
29.9933
18.9502
5.44689
15.6993
17.583
6.08193
3.46109
2.98645
9.92338
9.72569
9.23858
5.03945
3.64377
7.03466
7.4947
2.58302
11.1914
4.53362
5.7466
5.84784
3.91251
6.15907
3.17219
5.41021
3.36053
13.0337
12.9353
13.0499
19.4614
4.15479
9.34639
3.61946
6.99209
3.76447
16.8236
5.32644
3.92855
3.56708
3.39773
4.43783
12.2088
13.0101
7.97275
4.10634
5.28821
8.6901
14.0174
7.18452
16.4659
9.46837
6.99429
8.62776
3.36618
4.75554
22.1621
5.19313
5.91155
18.6946
3.1755
19.7959
13.4719
5.70526
23.1274
9.3355
7.5377
4.07859
7.83338
7.51378
4.00566
4.7152
2.59974
3.01624
4.95284
5.2647
6.10056
7.63778
5.28392
8.59514
8.43945
14.854
2.46622
6.31921
4.06545
24.4969
4.19056
6.11027
3.5403
30.4622
20.0856
4.67992
3.75943
16.5317
15.8683
5.814
2.4129
4.02848
10.6088
10.8682
3.65051
3.5918
6.6877
7.59064
7.4947
2.60827
12.458
8.00207
4.75256
5.83294
3.94007
5.20699
5.7641
3.33844
5.33482
13.416
12.9353
12.7068
19.4614
3.6186
8.10307
3.19449
8.19496
2.73542
11.4359
15.9981
19.5654
5.3451
3.6122
3.70763
3.8666
12.7907
11.6163
9.50247
5.70602
3.47408
4.0814
5.28821
9.49048
10.5026
11.2024
6.99056
14.5603
10.6679
6.98841
3.09636
4.25207
21.3742
4.22639
18.6946
7.03433
4.8173
20.0082
99
27.0835
32.788
7.3475
7.70575
4.39516
7.49678
6.9703
3.82234
5.84478
1.65016
2.6164
4.33421
4.59752
6.96194
7.91195
3.71405
5.2938
9.43142
8.43945
14.0717
2.87333
6.31921
4.81508
2.42995
26.2249
4.19056
6.11027
19.0066
12.3113
4.31837
28.5919
29.8647
19.4926
4.10507
16.5317
16.2815
5.59936
3.26121
9.92338
9.23858
4.30623
3.64377
7.24736
7.4947
3.67653
2.25992
11.5026
4.53362
6.20031
3.94007
5.85928
3.33717
5.33482
13.3118
14.7089
12.2711
11.7659
19.021
4.15479
7.57482
4.8591
7.51863
3.76447
18.2917
22.8848
5.32644
4.02626
3.84701
4.6717
13.4355
13.0101
7.9104
4.10634
5.63346
8.6901
15.5883
13.6304
6.77692
14.4009
10.6585
10.6679
7.29325
3.28773
5.42396
22.1621
5.70445
18.4896
5.61994
17.1893
15.9968
4.92029
24.1621
25.6394
9.70885
9.16193
6.92283
3.15429
6.85218
4.47777
4.60127
4.96557
2.231
1.96793
2.74431
7.27414
3.32511
7.41681
5.2938
9.02979
8.43945
14.854
2.58276
6.56546
5.54443
36.8362
4.19056
5.06698
6.11027
5.39775
4.3545
41.5256
19.4926
5.03899
4.62252
14.9423
15.1052
5.814
3.26121
9.92338
9.56037
5.42564
3.72691
6.62103
7.4947
2.60827
10.4726
6.07958
6.14286
4.24606
5.85928
3.51348
5.33482
13.6253
14.3624
12.2711
19.2052
4.15479
4.89969
6.27089
9.34639
3.61946
7.51863
3.76447
17.4008
4.12404
6.96294
4.94867
3.74049
3.8666
12.7907
3.55608
13.0101
8.19812
4.10634
5.28821
9.49872
12.6964
14.0801
8.12755
15.6766
10.6679
6.99429
3.28773
5.4067
23.0235
7.02377
20.1055
4.8173
20.0968
4.94703
21.2265
9.3355
7.5377
4.39516
8.81753
6.9703
3.82234
4.5543
2.231
2.6164
4.49705
4.75459
3.95459
5.82118
6.73526
5.2938
9.02979
8.75673
12.2273
2.58276
6.31921
4.08349
24.4969
4.19056
6.11027
4.87361
31.0349
19.4926
4.10507
16.3283
99
2.16423
6.77874
4.12361
8.72398
9.23858
5.03945
17.6487
2.15562
8.03595
3.57511
5.00387
2.80152
10.0512
4.09576
6.16028
3.15489
5.85928
3.51902
5.33482
13.5937
14.3624
8.62421
12.2711
18.2555
1.26246
9.34639
3.61946
7.51863
3.76447
16.8236
5.87159
3.77119
3.39773
3.66746
12.7344
13.0101
7.9104
6.50456
4.0814
5.28821
4.97806
8.6901
14.9966
5.1405
14.4009
10.6679
5.54602
2.62745
5.84311
22.1621
6.28237
18.4896
4.8173
20.0082
6.482
23.1656
35.445
7.92784
7.25725
4.07859
6.70034
6.9703
3.82234
4.7152
2.31858
2.6164
4.33421
5.22435
5.67261
8.09397
5.2938
9.65063
8.43945
8.48551
14.7967
12.8191
2.58276
6.31921
4.06545
26.9647
4.19056
6.11027
2.86628
29.9873
19.4926
4.38932
16.5317
17.583
5.814
3.26121
9.92338
8.91633
2.5446
4.69688
3.64377
7.24736
9.80612
3.70808
2.2635
10.0275
4.09576
5.38606
3.94007
5.85928
3.33717
5.03271
5.41021
13.6253
12.1951
8.24235
12.8774
21.0753
19.2241
0.951564
9.18009
9.39383
2.48652
3.2442
6.59934
99
15.143
5.4228
3.90228
3.39773
3.66746
2.05644
13.4942
13.9327
6.79719
10.3508
4.44116
5.38997
9.1171
12.3423
16.4003
5.85356
14.4009
11.6693
6.99429
4.26723
3.28564
5.68878
34.5926
21.2102
7.45612
5.51349
17.7432
4.8173
19.2753
4.94703
23.4749
8.02187
8.57379
4.51777
7.83338
7.55186
3.95848
4.4723
2.50955
2.77852
2.74431
4.80467
5.39565
8.03727
5.2938
9.47605
9.04784
14.854
2.58276
6.32839
3.12372
4.4065
4.45181
3.48778
2.29699
99
3.03021
9.36219
4.31837
29.9873
18.9502
4.38932
9.72638
15.9798
10.5797
17.4721
5.814
3.26121
10.6088
9.23858
11.1144
5.03945
3.29305
7.03466
7.4947
2.46099
12.7716
4.53362
6.16028
3.57
5.85928
6.36517
3.33844
4.97757
5.71223
3.02737
14.992
14.9367
12.1661
16.0855
18.7611
3.6186
10.8779
3.5815
7.68278
3.03593
16.8236
4.90103
6.59801
3.90228
3.51862
3.86157
12.7907
13.0101
8.86338
5.74109
8.06596
2.94659
8.6901
17.3675
11.9159
7.11633
15.1342
11.4519
6.54214
3.80939
3.61686
28.4468
24.1075
6.75486
4.99437
18.8554
4.8173
19.4883
5.45183
18.5532
9.3355
7.5377
4.39516
7.20515
6.90384
4.37315
4.80002
99
1.65016
2.6164
3.1315
5.06575
6.10056
7.97877
7.3301
5.16518
8.66086
8.28304
15.5856
2.87333
7.50556
6.29403
4.06545
26.9647
5.22335
2.98788
9.00565
4.31837
28.5919
18.6432
20.0856
4.38932
16.5317
17.583
5.814
3.26121
9.92338
9.23858
4.71164
3.64377
7.24736
7.4947
2.25992
12.5412
3.11994
4.53362
5.6481
3.70212
5.34618
15.2041
3.33717
7.03965
12.3516
14.3624
11.977
19.021
13.5874
4.15479
8.33246
3.41126
7.64803
8.45201
16.8236
6.45461
3.90228
2.71444
4.25738
12.2088
13.0101
7.45548
4.64941
5.23657
9.49048
2.65638
14.0174
6.99056
14.4621
10.6679
6.38464
3.33413
4.22094
22.1621
8.3617
5.69829
18.263
4.18319
4.19908
20.539
11.6969
5.67749
24.6588
13.2546
7.90657
9.34392
5.67914
4.37539
2.28314
7.8685
4.28211
4.96557
3.20701
3.15868
4.45843
5.73972
4.98302
7.84369
5.94285
9.02979
8.7487
8.43945
13.8391
2.54273
3.457
6.64416
4.61129
26.9647
3.03021
6.45516
4.31837
29.9873
20.0401
4.38932
14.9423
99
5.47296
2.38197
10.3921
9.23858
5.03945
3.64377
7.24736
7.4947
2.87493
10.9999
2.76873
6.11005
4.58771
5.85928
3.57652
5.03352
10.6691
15.3595
12.5309
19.4614
4.15479
7.85391
7.62583
3.43972
8.19496
3.11398
16.8236
4.90103
4.1771
99
3.26787
13.7607
13.8222
7.60775
4.10634
4.56856
8.6901
13.5984
8.08262
14.5603
10.6679
6.99429
3.28773
5.42396
22.4429
5.82439
18.8554
4.8173
7.02832
18.6223
5.84455
23.4749
8.97578
6.13054
4.07859
7.19863
7.51378
3.06088
4.42814
3.95491
2.31858
2.6164
4.48936
4.59752
5.82118
7.70378
5.5298
8.57322
8.54162
6.92052
2.58276
5.00841
4.49268
26.9647
5.2236
7.13101
4.8223
27.3862
18.6124
3.9079
13.4835
17.2005
5.814
3.26121
9.92338
9.56037
4.39831
4.10432
7.35841
7.4947
2.58302
11.5026
4.53362
6.90772
4.07604
5.85928
3.50547
5.75743
3.80937
11.9805
12.9353
11.0202
19.4614
3.02927
10.2583
3.8607
8.62047
5.20555
3.71813
16.8236
4.94141
3.21059
3.7128
3.8666
12.7907
13.0101
7.45548
4.12315
5.23657
8.6901
12.51
7.11633
13.9922
10.6679
6.99429
3.36618
4.82422
21.3739
24.3802
5.80875
18.9348
99
20.6062
10.794
5.42168
23.4749
7.92784
6.94331
4.07859
6.17988
6.9703
3.87218
5.23906
4.7152
8.6526
2.31858
2.6164
4.49705
5.025
6.32039
8.07048
5.2938
9.02979
8.43945
14.854
2.41964
6.31921
4.06545
28.6125
3.15777
4.67639
2.16393
4.16502
99
21.9749
4.58217
16.5317
19.1087
5.44493
3.26121
3.28277
9.39227
9.23858
5.26619
3.64377
7.24736
7.22264
2.3
12.21
5.62924
4.53362
6.39999
3.30955
3.19783
5.73694
3.57652
5.33482
12.3209
14.068
12.2711
19.4614
4.15479
7.55117
2.9033
2.92037
8.28466
3.80966
16.8236
3.32282
4.55263
4.1771
0.805298
3.8666
12.7907
13.0101
8.45115
4.6203
4.57321
5.56817
8.6901
18.5304
14.0174
6.99056
14.5603
10.6679
6.94905
2.78706
6.00889
20.6102
6.74086
18.8554
3.42976
20.0082
14.3776
3.61266
23.1274
9.64706
9.81482
4.07859
10.6567
5.4981
8.21027
4.00802
4.79839
2.62644
2.6164
5.31481
4.95284
4.80264
5.66694
5.81047
8.09648
5.82306
9.95663
8.43945
14.4239
2.58276
6.31921
4.77722
24.5007
32.6274
4.19056
6.21097
4.31837
29.3697
20.0401
4.38932
16.562
17.583
5.814
3.26121
9.92338
8.65735
5.03945
2.99811
7.03466
9.82768
2.72412
11.5026
4.75256
5.83294
4.14491
6.32888
3.3231
5.33482
13.3118
14.3624
12.2711
17.3144
4.59406
5.86241
9.34639
3.61946
7.51863
3.09483
4.84291
7.68162
16.8236
4.90103
3.90228
1.97725
3.94629
3.8666
11.138
13.0101
7.84464
4.50583
5.28821
8.61341
14.5638
7.45709
13.9922
8.33321
10.4166
6.91291
3.28773
5.42396
23.8658
5.62002
5.80875
9.25823
18.8554
4.8173
20.0082
5.33893
21.485
16.754
22.4001
9.3355
7.5377
5.49114
7.24575
6.9703
3.82234
4.7152
2.28009
2.6164
4.13735
5.025
5.82118
7.91195
10.2891
5.28392
9.02979
8.43945
14.854
8.66075
2.74629
6.31921
4.06545
33.3802
4.19056
6.11027
3.97616
32.2315
19.4926
4.38932
16.5317
18.4349
5.53861
3.26121
9.92338
9.23554
5.03945
3.64377
7.15558
7.55814
2.25992
11.5026
4.53362
6.16028
99
5.54622
3.02045
6.07363
10.2503
13.914
12.9938
5.63099
12.2711
19.4614
3.46276
6.86766
9.23412
3.61946
1.25939
6.26479
3.76447
16.8236
4.22606
4.59041
3.39773
4.05722
13.4176
13.0101
7.9104
5.33111
4.10634
4.00071
7.41589
14.2673
6.99056
14.5603
8.57721
4.07201
7.2543
3.09235
5.42396
23.6633
6.24862
19.0206
8.90519
4.8173
17.5963
18.388
5.70526
23.4749
9.35063
9.81482
9.45405
4.39516
99
7.10844
3.81572
4.46447
5.14416
3.26546
2.6164
4.49705
4.57517
5.82118
7.95341
4.12612
3.4423
8.67593
14.231
2.58276
13.8669
5.90407
2.26244
36.8362
4.19056
6.11027
4.31837
29.9873
19.4926
4.38932
15.6993
19.1087
6.40741
3.29491
9.20287
9.23858
5.08132
3.87751
6.73809
7.4947
1.74726
10.2907
4.53362
5.12811
3.94007
5.85928
3.18859
3.87667
5.14539
12.4668
10.478
13.0876
12.1456
19.4614
3.53387
8.42935
1.52988
7.51863
3.76447
16.8236
4.63202
3.84784
4.38896
2.99905
4.31003
13.0268
11.1506
8.81372
4.11527
5.52932
5.20925
8.6901
20.2488
6.99056
14.5603
11.926
3.66535
2.82132
5.57962
22.1621
5.80875
18.2157
1.60687
8.13939
19.2753
2.47046
9.99074
25.6394
15.1824
9.54275
7.5377
4.07859
6.9898
6.57288
3.7051
4.29001
4.71192
2.31858
2.6164
4.33421
5.96766
5.86963
7.91195
5.2938
9.02979
8.43945
15.7093
2.47262
6.85927
5.54443
3.31251
36.8362
4.4045
7.56755
4.31837
5.96629
30.6719
19.2844
4.38932
14.2519
16.5317
18.4349
5.814
3.26121
9.92338
8.71422
9.56037
10.2053
5.03945
3.64377
7.24736
9.34662
2.80152
11.5026
4.53362
5.1714
4.90167
5.85928
3.33717
6.86916
5.41021
3.81647
13.3118
14.8734
6.65917
12.5309
6.78111
19.4614
4.15479
8.41488
3.41126
7.51863
3.7357
17.4008
4.90103
4.28129
3.94629
8.04982
3.1986
12.7907
14.1739
5.23482
8.29937
4.10634
2.95284
4.97888
8.96744
14.0174
6.99056
14.5603
9.06442
10.4329
6.99429
3.28773
5.42396
23.8658
5.63676
18.8554
4.8173
20.0082
3.74529
4.96676
23.4749
10.0341
7.5377
4.48963
10.014
6.9703
3.10393
4.679
3.20701
2.6164
3.95841
4.59752
6.23457
7.58767
4.65682
9.95663
8.43945
4.89561
14.1898
4.48318
2.58276
5.22788
4.06545
2.97864
26.9647
4.74131
6.11027
4.74418
3.02055
31.1413
19.9188
3.75737
13.8166
12.2451
17.583
18.5473
7.54197
5.814
3.26121
9.92338
9.23858
5.03945
3.56486
8.39059
9.27197
2.58302
11.5026
4.53362
3.06173
5.0957
3.62238
6.00219
3.33717
5.03352
14.0728
14.9541
12.7198
19.4614
4.15479
8.41488
3.41126
7.13631
3.4179
15.5485
5.58642
3.23335
3.33122
3.37617
4.17887
11.9877
3.31988
15.5518
13.0101
7.9104
3.51393
5.28821
3.40094
8.04295
13.2184
6.99056
14.5603
10.6679
6.99429
3.28773
5.42396
24.7707
22.1621
5.6239
18.7069
5.31876
18.03
20.0082
5.73303
99
10.3766
10.3746
4.07859
7.11355
6.9703
4.41034
4.95288
3.20701
2.6164
4.33421
4.57517
5.82118
8.16131
3.44139
3.4423
8.87226
15.6867
2.58276
6.31921
4.21622
26.9647
4.19056
6.11027
4.31837
30.9667
33.9312
19.4926
4.38932
17.1539
19.1087
6.54106
2.3988
10.6088
9.23554
7.78814
3.56486
7.57491
7.4947
5.09137
2.25638
11.0119
5.33162
4.53362
6.39999
3.94007
6.23004
3.33717
5.54631
14.213
14.9367
10.5285
9.84764
19.4614
3.02927
8.42935
1.52988
7.41476
5.6188
16.8236
5.03872
4.48798
5.34422
3.94448
3.9594
12.3715
12.5392
7.74333
3.76683
3.84967
8.6901
14.0174
6.09908
14.5603
10.6679
6.99429
3.09636
8.75621
3.8432
22.1621
5.82439
11.4034
19.0002
11.3806
4.8173
20.0082
6.71845
23.4749
7.64857
6.94331
4.07859
7.24575
5.40158
4.67976
4.96557
1.79318
2.46119
4.95284
4.68624
5.07529
7.4924
5.48572
5.18906
4.71495
8.75673
11.6974
2.58276
6.31921
3.97827
28.6125
4.19056
6.11027
5.43013
7.79936
29.6875
19.4926
4.38932
15.9798
15.4154
16.183
16.0007
6.78373
3.57265
9.20287
8.93521
12.579
9.34766
6.27299
3.91878
6.905
7.4947
2.58302
11.5026
4.53362
4.87084
6.11946
3.94007
5.73694
3.57652
5.33482
10.6691
14.3604
11.5528
19.4614
3.82948
9.34639
4.08309
7.97197
4.30776
15.7801
4.72646
3.77119
3.39773
3.66746
12.7344
13.6451
13.0101
12.9515
7.84464
3.85227
5.28821
2.31424
5.62198
8.04295
14.0174
6.99056
11.2653
14.5419
11.7821
6.98841
3.28773
5.42396
22.1621
5.80875
18.8554
4.82923
20.0082
5.70526
19.1237
9.3355
9.81482
4.62409
4.07859
6.87242
6.28149
3.7051
2.56151
4.5543
1.79318
2.6164
2.70587
4.57517
5.82118
8.11589
5.2938
9.68603
8.43945
14.231
2.58276
5.83306
4.2753
3.76306
24.4969
4.19056
7.56755
4.3902
30.2202
19.4926
3.98299
16.5317
17.583
5.44493
2.52377
9.66597
8.59463
7.78814
3.64377
7.24736
7.4947
2.60827
11.1914
4.53362
5.83294
3.94007
5.85928
3.33717
10.5943
13.6253
14.3624
12.2711
19.4614
4.15479
8.33246
3.41126
7.41476
2.85899
16.8236
4.90103
3.90228
2.29727
4.16336
14.0657
13.0101
7.9104
4.10634
5.28821
8.6901
13.946
6.99056
14.5603
5.59225
10.6679
6.99429
3.28773
5.42396
22.1621
5.80875
18.8554
4.8173
20.0082
5.70526
23.4749
9.3355
7.5377
12.0138
3.22367
7.24575
4.47777
4.60127
4.7152
3.20701
2.6164
4.33421
5.14273
5.82079
8.01175
4.48145
8.29406
8.43945
15.5856
2.33748
5.75375
5.13557
3.75527
23.3749
27.5702
3.77659
99
6.11027
4.31837
30.2474
18.8457
4.38932
18.7864
17.583
5.79116
4.05342
4.12361
8.72398
9.23858
5.39686
2.78323
7.03466
7.55039
4.84472
99
15.1506
4.09576
5.92872
3.47208
5.16981
5.61939
4.46427
13.3118
14.3624
12.2711
19.4614
4.52285
5.23579
9.9008
2.19151
8.79934
4.53949
15.9981
5.3451
4.01412
6.62065
3.71728
4.05722
12.7907
16.0025
6.48578
7.80039
4.10634
5.28821
4.94373
8.16334
14.0174
6.99056
14.5603
10.6679
7.66284
6.99429
3.28773
5.42396
21.8952
5.01609
18.4896
4.19908
20.0082
5.70526
16.9621
9.3355
7.5377
4.24676
6.70034
6.9703
3.82234
4.76348
0.152504
99
6.56806
99
4.67873
4.57517
5.82118
7.91195
11.8361
4.65682
9.10101
8.1718
13.7848
2.7429
6.31921
4.0653
26.9647
4.19056
7.56755
3.64586
4.99041
29.9873
19.4926
4.38932
17.1243
17.4721
15.6451
6.78373
3.57265
9.20287
8.57881
5.03945
3.64377
7.24736
7.4947
2.61569
10.9344
6.02628
4.53362
5.30398
3.62238
5.85928
3.11898
6.49392
5.33482
7.59951
14.3624
11.8717
19.4614
3.02927
5.38945
9.23412
4.08309
7.69633
3.27557
16.1795
3.93831
4.90103
2.4627
3.01247
3.50677
3.9594
12.7012
13.1137
99
4.28376
6.1518
8.6901
20.2488
6.29627
14.5603
10.6679
6.99429
3.28773
5.42396
22.1621
5.80875
9.9248
19.0206
4.8173
20.0082
5.70526
23.4749
9.3355
7.5377
4.07859
7.20515
5.18595
5.18099
4.84016
2.31858
2.6164
4.33421
5.66379
6.25246
7.75961
5.2938
2.00391
10.5836
8.43945
15.7354
5.45175
2.47262
6.31921
4.9826
26.9647
25.1727
4.19056
7.56755
4.87361
30.2474
28.7954
18.446
4.55482
14.9423
16.3307
6.32239
2.84063
3.26121
11.1843
9.23858
5.03945
4.04067
4.77567
6.92149
7.4947
2.58302
11.5026
4.53362
6.16028
3.98944
5.98814
3.51595
6.81921
13.3118
14.3624
12.2711
19.4614
3.65852
9.34639
3.61946
7.51863
3.76447
16.8236
5.03872
4.72184
2.28027
5.32228
3.56216
12.7907
3.0002
16.0025
8.45115
7.60132
4.11527
5.52932
4.54949
8.6901
14.0174
8.55798
6.44746
14.5603
10.6679
6.99429
5.73418
3.28773
5.42396
20.6102
6.24862
9.94104
18.4896
6.81114
20.5516
7.77635
18.3385
23.1127
9.3355
7.5377
4.07859
8.1465
7.24575
5.02276
4.74887
4.7152
2.31858
2.6164
4.33421
4.57517
4.44917
5.82118
7.84369
5.28392
8.98232
8.54162
14.4971
2.58276
6.31921
5.12278
26.2249
4.19056
6.11027
4.74565
4.45975
41.5256
19.4926
4.39727
14.634
17.583
5.814
3.26121
9.92338
9.56037
5.98019
4.5028
6.92149
7.4947
2.00784
11.5026
4.53362
6.77938
6.56124
99
5.7308
1.78815
4.46427
3.47032
9.33147
14.8734
12.5309
19.9029
4.80497
4.51633
9.75081
1.29878
3.51993
7.64803
3.76447
16.8236
4.55263
2.22585
5.9658
3.39773
3.8666
17.8316
12.7907
13.0101
7.9104
3.51393
4.00071
8.6901
14.0174
6.99056
10.7246
15.6204
10.6679
6.99429
2.96682
5.42396
22.1621
6.3057
18.2157
4.8173
20.2028
6.482
24.8145
9.3355
7.5377
4.07859
7.24575
8.21027
4.00802
3.7427
4.96557
2.31858
2.6164
4.33421
5.23521
7.17813
8.19154
6.16171
4.97524
9.68603
9.45116
4.89552
13.7926
8.99392
2.41964
5.90407
4.44226
1.09806
26.9647
48.119
4.19056
6.11027
9.1971
31.7672
28.0461
18.8254
4.63312
15.6993
17.583
5.63542
2.90326
10.6437
7.66538
7.3078
6.17592
2.99768
7.03466
7.4947
2.79233
11.5026
4.53362
6.90772
3.721
6.20266
3.9054
5.33482
13.3118
14.3624
12.2711
4.44171
19.2241
1.69715
9.23412
6.2805
3.61946
6.34266
2.89523
3.4179
17.7461
5.34494
3.6122
3.55093
3.36231
3.44943
12.4779
17.4931
13.5063
5.0215
5.57788
4.07274
2.93103
4.06542
7.7928
15.5883
18.2348
6.99056
13.6455
14.5603
10.0767
6.99429
2.57976
4.37835
3.10288
22.1621
4.78794
18.8554
4.8173
20.0082
14.6063
5.70526
22.4773
9.3355
7.5377
4.3212
2.47062
6.70034
5.21817
3.81572
3.81664
5.09861
2.50955
4.43877
3.15868
2.46189
4.31028
5.62821
7.91195
5.2938
8.90856
10.7839
6.73191
8.92177
14.854
2.58276
6.94961
3.26473
26.9647
3.83399
5.06935
4.31837
29.9873
19.4926
4.38932
16.5317
17.583
10.6979
5.6324
5.06281
3.03393
4.30322
9.51911
9.56037
4.39831
3.64377
7.24736
7.56469
7.51583
2.11435
11.9772
4.53362
5.83294
4.16437
6.41763
3.23748
2.88073
4.82523
13.3118
14.3624
12.7068
18.2555
4.15479
9.26427
3.08071
8.76473
3.76447
4.53603
16.3341
3.55535
5.58642
4.10871
3.39773
3.8666
13.4355
13.1137
5.03316
4.44116
5.80815
2.29281
7.98381
13.2251
12.5407
7.14584
14.6072
10.2923
4.29144
7.30101
3.28773
3.95796
5.42396
24.9912
5.38816
20.0602
5.97344
6.17285
13.444
18.388
5.09305
19.1237
6.53148
3.74249
3.13036
7.20515
6.9703
3.82234
4.7152
2.31858
2.25521
5.51458
5.025
5.82118
7.91195
5.2938
9.02979
7.04159
14.085
2.86853
6.31921
2.42995
36.8362
4.62791
6.29813
4.31837
29.9873
20.0856
4.62252
1.46456
16.9771
18.3551
6.5526
8.01561
7.63784
2.20744
2.70199
10.1796
8.18901
7.60397
3.29305
7.03466
7.4947
2.80152
11.9606
5.97072
4.53362
6.39999
4.15418
5.85928
1.68831
2.67487
5.33482
5.56663
13.6253
14.8396
12.2023
18.963
99
7.92183
9.23412
7.98576
3.2442
9.64781
10.3353
4.30776
16.8236
4.94141
3.23335
4.50877
4.43399
17.101
11.731
13.0101
8.29937
2.55016
4.00071
8.6901
14.7384
6.99056
14.5603
10.6679
6.99429
3.47003
5.42396
99
5.80875
18.8554
4.8173
20.0082
5.70526
23.4749
14.872
16.0527
9.269
7.5377
2.73383
7.24575
8.68777
4.12256
4.5543
99
2.6164
4.13735
5.025
5.82118
7.58902
5.5298
9.65063
12.9968
14.854
2.58276
6.32839
5.94514
3.10683
26.9647
4.19056
7.13101
4.87361
5.29266
29.9873
19.4926
4.68039
13.4835
14.2672
19.5652
6.35966
2.17802
9.05903
9.23858
5.34038
5.16742
4.8849
3.64377
7.24736
7.4947
3.76047
1.94684
4.16335
11.1914
4.75256
5.83294
3.94007
5.85928
3.45856
3.50547
4.46427
18.6879
15.3595
12.5309
19.4614
3.02927
9.10095
4.45529
7.51863
3.78362
16.096
5.25089
3.90228
2.98281
3.8666
3.93791
12.7907
16.1185
13.6455
18.5058
8.11144
2.55016
7.27973
5.05131
12.51
8.08262
14.5603
11.1074
6.99429
3.28773
5.42396
22.1621
5.16999
18.8554
5.34245
19.8623
16.0041
4.66017
20.4036
10.3766
4.78774
6.537
4.07859
7.6969
6.76536
3.81572
4.84016
2.31858
2.6164
4.95284
4.8179
5.82118
8.60649
5.2938
4.75401
9.02979
8.43945
14.854
2.58276
6.31921
4.06545
26.9647
40.5339
4.87237
3.77659
6.11027
4.467
19.2726
29.9873
18.446
4.55482
3.58166
16.9946
18.4349
5.814
5.43439
3.08899
9.0382
9.23858
5.03945
3.64377
7.24736
3.49255
7.4947
2.54864
11.5026
5.28906
8.15894
4.53362
5.73862
3.94007
5.85928
2.68288
5.33482
14.5811
14.3624
12.2711
18.963
5.05461
9.34639
3.61946
11.9419
8.19496
4.53949
16.8236
4.90103
3.90228
3.3567
2.34331
13.0268
13.0101
7.36808
4.68519
4.10634
5.28821
8.6901
10.353
12.7716
6.99056
14.4621
10.6679
7.29325
3.28773
5.42396
21.7655
5.82439
18.8142
4.18937
3.42976
20.459
5.70526
21.1374
6.53148
3.74249
4.51777
7.24575
9.09222
3.20258
4.7152
1.87436
2.6164
4.33421
4.80467
5.41315
7.91195
5.2938
9.02979
7.86978
15.7354
2.58276
7.27453
4.20224
26.9647
4.4045
6.21097
3.90824
30.2025
20.7775
4.38932
3.58237
16.5317
16.3307
5.814
5.03394
3.03393
10.6776
9.23858
5.17562
4.26185
3.53012
6.93339
5.44626
2.58302
11.5026
4.53362
7.89615
6.39999
3.24218
5.50178
4.24562
4.77985
11.9232
12.9353
12.7068
19.4614
4.15479
9.34639
3.61946
7.51863
4.00366
17.3616
6.07177
3.90228
3.39773
3.8666
11.5158
13.0101
8.29937
3.45757
5.58685
2.82568
4.41561
3.79599
8.96744
12.51
7.18452
16.1797
5.00633
6.91481
2.78706
5.97884
22.1621
5.82439
19.0783
3.9669
5.30282
20.0082
5.47429
29.9712
9.3355
7.5377
4.92554
4.07859
7.6969
6.85327
3.22849
4.50728
2.31858
2.6164
4.33421
5.025
6.01996
7.91195
5.2938
12.9574
9.02979
8.43945
15.5856
6.67064
2.58276
6.31921
4.06545
39.7256
25.6185
4.19056
6.11027
4.63094
30.2474
19.5668
20.1445
4.10507
16.5317
17.4721
6.78031
6.18019
3.26121
9.92338
7.55234
4.21781
2.69135
3.72501
7.24736
7.4947
2.61569
11.5026
4.53362
4.83012
3.58795
6.76
2.88073
4.46427
13.3118
14.3624
12.2711
19.4614
3.46276
9.34639
3.61946
7.51863
3.76447
16.8236
5.39584
3.90228
2.06473
4.16028
12.7907
13.0101
8.69347
3.51393
6.27871
4.00071
8.86248
18.1145
7.18452
15.6796
10.6679
6.99429
3.28773
5.42396
23.0235
6.72418
8.93562
18.6939
4.21912
16.649
20.0082
5.09305
17.9066
9.56228
7.71991
4.07859
7.24575
6.9703
3.82234
4.7152
2.31858
2.6164
4.33421
4.57517
5.82118
3.48699
8.43723
4.65682
9.02979
8.54162
14.5531
2.58276
6.32839
8.50896
4.06545
26.9647
4.19056
7.72742
4.3545
27.9679
18.8457
4.09088
4.68039
16.5317
17.583
6.44121
3.09613
4.86762
9.92338
7.61348
5.03945
3.91878
7.24736
7.4947
2.485
11.5026
4.53362
5.92872
3.98944
5.85928
3.33717
5.33482
13.3118
14.3624
12.2711
19.6732
4.15479
9.73829
3.61946
7.51863
4.09544
15.9981
16.0741
5.25089
3.62026
0.562074
5.43542
11.5939
10.753
7.9104
4.64941
5.28821
8.6901
99
7.05296
14.4621
10.6679
7.23004
3.01985
5.80673
22.1621
5.80875
18.2157
4.8173
20.0082
5.94018
17.9066
9.3355
7.69965
6.93849
4.07859
7.05177
7.22561
7.08801
3.82234
4.7152
2.53826
2.61655
4.49788
4.35859
4.80264
5.82118
8.43723
5.2938
9.02979
8.26562
15.7093
2.87333
7.27453
4.06545
26.9647
4.19056
5.89059
4.92712
30.2474
19.4926
4.38932
16.6682
19.1087
5.814
4.53366
8.72398
9.66823
2.98088
3.21636
4.834
8.22179
7.4947
2.58302
12.9212
4.53362
2.01452
5.83294
3.94007
5.85928
3.33717
6.46231
13.0927
14.3624
11.7513
19.4614
4.77614
8.81742
4.56235
3.45864
7.05772
3.96636
16.8236
6.7199
2.84698
3.39773
5.55259
3.80426
3.86658
12.3089
17.8486
3.30752
13.0101
8.29937
3.98205
4.10634
5.28821
8.6901
14.0174
7.45709
16.4659
9.98303
5.36835
2.78706
6.70696
5.97884
22.1621
5.80875
18.8554
4.8173
20.0082
5.70526
25.7421
7.92784
7.25725
13.3035
2.97507
99
6.68202
3.82234
5.9855
4.7152
2.31858
2.6164
3.95841
5.025
5.82118
7.91195
5.5298
8.57322
8.91903
14.854
2.58276
6.43634
3.79527
28.9404
3.8713
6.15769
4.68884
99
19.4926
4.38932
16.5317
18.0989
5.89941
3.46109
9.20287
6.48139
11.211
2.98088
2.99768
7.03466
6.93339
3.97109
1.74726
12.9924
4.75256
5.83294
4.15418
6.23004
2.70059
2.79933
3.92121
13.9534
14.2391
11.8606
19.4614
4.15479
9.34639
2.9401
3.61946
13.5245
7.64803
3.81821
2.99815
16.8236
5.58642
4.48798
1.00516
3.95467
12.2088
17.0648
13.0101
7.08873
5.11945
6.19692
9.1334
13.175
5.77208
15.4345
12.9511
14.4001
9.9137
11.095
3.43027
7.71813
3.28773
5.42396
22.1621
5.25259
18.8554
6.69133
20.0364
5.70526
23.4749
9.3355
6.9888
2.46712
7.8033
11.556
6.9703
6.54332
3.82234
4.72991
4.7152
2.31858
2.6164
4.67322
5.04355
5.82118
8.01139
5.2938
8.58966
8.43945
13.7926
2.58276
6.63331
3.10683
24.4969
5.0206
6.47064
4.92712
34.5922
20.5902
5.00475
16.5317
17.8462
6.04859
3.26121
9.95023
12.5959
9.23858
5.08132
2.78323
7.24736
7.4947
3.52542
2.72412
11.5026
4.53362
6.39999
4.05277
5.85928
3.51348
8.81699
13.3118
12.9938
9.87742
12.2711
11.9615
17.5914
16.9815
1.26246
9.34639
4.76255
3.61946
5.17855
3.09483
16.8236
4.90103
2.82441
4.1771
99
4.25738
12.2088
13.2168
7.9104
4.10634
3.70158
5.28821
10.1539
11.3799
6.29627
14.4001
9.41514
10.6679
6.99429
3.70764
3.28773
5.42396
23.0235
7.10152
18.8554
4.8173
20.0082
4.92029
25.7421
9.3355
7.5377
4.07859
7.24575
8.77322
4.12446
4.52305
5.0182
2.59593
2.6164
3.77914
4.33421
5.025
5.82118
8.43723
5.2938
10.0568
8.43945
14.231
2.58276
5.67045
4.2753
99
2.77508
5.90422
4.31837
27.9679
19.4926
4.10507
16.5317
18.4349
5.814
3.26121
9.92338
8.0124
8.70498
3.45773
3.5918
7.59064
7.4947
2.70421
11.5026
4.53362
6.11946
3.94007
6.07713
3.81386
2.68288
5.73583
11.5203
14.3624
12.3114
9.81867
19.3964
4.15479
5.35642
8.48531
3.19449
7.51863
3.76447
16.8236
17.3817
5.26859
4.29251
2.98281
3.8666
12.6941
13.0101
9.18533
4.44116
5.38997
8.6901
12.3423
7.18452
14.6114
10.6679
6.99429
3.28773
5.42396
21.2102
6.28237
18.8554
6.25056
4.8173
20.0364
5.70526
23.4749
9.3355
7.5377
4.48963
7.29219
7.47319
7.08801
4.00802
3.86974
2.59593
2.6164
5.7895
4.33421
4.94942
5.22435
4.99431
6.10056
8.30828
5.5298
9.02979
8.43881
6.82052
14.854
2.58276
5.67045
3.79527
26.9647
4.19056
6.11027
4.31837
29.9873
19.4926
4.38932
16.5317
15.8683
7.96214
7.0155
4.12361
9.5099
9.23858
10.7952
4.98429
4.97311
4.17289
3.64377
7.24736
6.34137
2.58302
11.1573
99
5.83294
3.47208
5.85928
3.33717
5.93332
12.532
14.3624
12.2711
19.4614
4.37719
5.05461
9.34639
3.61946
8.62047
4.05352
16.8236
4.9441
4.20113
3.62026
4.42975
3.86157
12.7907
12.0715
6.16001
4.10634
3.22909
5.57674
8.5162
13.2251
7.18452
13.9922
9.04041
6.99429
9.0424
3.47003
5.42396
21.7655
5.82439
18.8554
5.59116
10.6483
17.9196
3.93829
21.7719
10.3766
5.73148
4.07859
7.01829
6.51307
3.77796
3.83936
4.7152
2.49007
2.6164
3.54942
5.22435
2.84226
6.10056
7.91195
11.6149
5.2938
9.02979
8.39414
14.5531
2.58276
5.67045
4.06545
26.9647
4.19056
6.11027
3.87024
30.1777
19.4926
4.10507
20.0706
99
6.1295
2.26457
9.73575
9.23858
5.03945
3.81515
6.905
7.4947
2.92813
11.5026
4.53362
4.76244
4.73018
5.88242
3.57652
3.93278
5.41021
7.87118
12.3057
14.655
12.1062
19.3921
20.3161
3.65852
9.153
3.26246
7.41476
3.11398
16.8236
4.90103
3.7899
3.37573
4.78819
3.7128
3.8666
12.7907
13.0101
8.29353
4.10634
5.28821
3.85248
3.618
5.32408
14.0174
6.99056
14.9004
10.9107
7.93785
3.66574
4.68394
22.1621
6.0648
18.263
4.8173
20.0879
5.70526
21.8672
9.3355
7.89171
4.07859
6.11113
6.9703
3.82234
4.7152
2.50955
2.6164
4.33421
5.83856
6.89501
8.39587
5.4744
9.02979
8.43945
15.7354
2.58276
6.31921
2.26244
22.6878
4.19056
5.81732
3.82272
29.7262
16.4336
7.75929
15.9798
15.5458
18.4349
17.2095
5.814
3.26121
10.6776
9.23858
4.30623
3.64377
7.24736
7.4947
1.05353
12.4242
4.09576
6.22174
4.44451
5.00279
3.97472
6.13124
12.532
14.9541
12.7198
18.963
4.46383
10.2583
3.5815
99
4.09544
17.4396
4.90103
3.88488
99
3.18009
12.7907
13.1137
6.16001
4.10634
5.28821
8.6901
14.0174
6.99056
14.5603
10.6679
6.54214
3.10361
5.64003
22.1621
6.0648
18.8554
5.30282
19.4883
3.87542
5.26938
23.4749
9.3355
10.8748
6.93849
3.20096
4.07859
7.86914
6.78883
6.68202
3.82234
5.15277
2.58427
2.61655
4.67873
5.53792
7.07049
8.13333
4.48145
9.68603
8.43945
14.854
2.86853
6.31921
2.62562
4.03245
2.84666
99
4.99548
9.00565
4.31837
30.8485
19.4926
4.38932
14.0427
18.8052
7.0362
3.27677
10.6842
9.23858
4.30623
3.91409
7.87231
7.54383
2.58302
11.5026
4.53362
3.98634
5.24129
3.92295
4.15278
5.85928
3.51348
4.56038
5.15974
4.46427
13.3118
14.3624
12.2711
18.0138
0.951564
9.61378
4.41974
3.61946
6.99209
4.09544
18.294
19.3005
3.01039
3.89107
3.94629
2.98636
12.7907
13.0101
7.60775
3.73233
4.11527
5.52932
10.1539
14.7472
6.99056
14.5603
10.6679
6.99429
3.28773
5.42396
8.54402
5.97729
18.2997
5.31876
20.0082
5.36899
26.9198
9.3355
7.5377
4.75097
7.24575
6.9703
3.72506
4.7152
2.31858
1.99304
4.33421
5.32836
5.95336
8.01175
5.2938
11.4144
7.49781
17.1698
2.74629
6.31921
4.35051
26.9647
4.19056
7.56755
4.92712
29.9873
19.4926
4.38932
16.5317
16.7904
10.7095
16.7766
6.04859
3.26121
9.92338
9.96021
3.36869
3.81515
7.35841
7.4947
2.0178
12.1701
4.53362
5.83294
3.75667
6.19227
5.50178
4.24562
4.46427
13.3118
14.8396
12.6686
11.4362
16.9269
5.33715
3.02927
6.89706
3.19449
6.82767
3.27557
16.8236
4.90103
3.90228
3.70763
3.8666
12.7907
13.0101
5.03805
8.19812
4.30103
5.78489
9.40995
13.5162
6.99056
14.5603
10.6679
6.76016
3.49046
6.29508
21.7655
6.2229
20.2009
4.8173
19.2753
5.70526
23.4749
8.99824
6.92283
4.07859
6.85218
6.9703
3.82234
4.7152
2.31858
1.99304
5.32435
4.33421
4.06083
5.82118
7.91195
5.2938
9.02979
8.43945
15.7354
2.58276
6.31921
4.06545
26.9647
4.19056
6.11027
4.31837
29.773
19.2473
5.26045
16.5317
17.583
5.814
3.26121
9.92338
9.23858
12.1518
6.15329
3.76163
7.24736
7.4947
1.64079
5.8352
14.9655
10.6822
4.75256
5.07506
4.97289
3.94007
5.85928
3.42077
5.33482
13.283
14.3624
9.43119
11.977
15.8442
19.7308
3.72506
5.70802
7.57482
4.8591
7.93204
5.9501
16.9251
5.35729
3.90228
3.39638
2.89394
3.89643
3.8666
12.7907
13.0101
4.5113
7.32219
4.44116
5.38997
8.6901
14.0174
7.18452
16.4659
9.0238
4.76904
3.36618
4.82422
20.6102
6.74086
18.8554
2.31859
20.0082
5.61256
6.45031
22.0077
16.0842
10.1122
7.86612
10.2264
4.07859
13.2453
5.40158
6.19156
3.32983
4.58048
2.31858
2.6164
4.33421
4.9199
4.58695
8.17723
4.12612
10.8561
9.04784
16.446
2.58276
5.83306
4.42746
26.9647
2.73696
6.2159
4.31837
29.773
19.4926
20.2916
4.38932
15.9798
11.9359
15.1052
5.814
3.26121
9.92338
10.0937
3.0856
3.77066
3.91878
7.24736
9.00956
2.51856
11.5026
4.53362
5.82795
5.77023
3.89371
7.17964
2.26678
5.33482
13.283
14.068
12.3114
19.6186
4.75281
7.65866
8.53875
6.51679
9.60114
3.18406
3.7548
9.11237
6.99209
5.9501
3.84906
16.3341
4.90103
4.1771
3.56129
3.12802
3.61936
12.7907
13.9445
4.79233
7.76141
8.16117
6.65356
4.57321
5.56817
3.81164
8.6901
14.0174
8.12755
13.9665
10.6679
7.29325
3.28773
3.95796
5.42396
20.7802
4.53292
4.78794
19.8448
5.28834
6.5129
20.0082
13.6763
6.71845
26.771
20.3859
23.4749
9.3355
7.5377
14.7586
4.07859
7.24575
6.23917
7.08801
3.53213
3.82234
4.73487
5.11816
2.62596
2.76036
4.33421
5.23521
7.17813
8.13577
7.28942
5.2938
9.02979
8.43945
14.854
2.58276
5.83306
4.48409
26.9647
4.19056
6.11027
3.70469
30.6719
19.4926
4.12821
15.9798
11.5085
17.583
5.814
3.26121
9.11399
11.4054
4.76625
3.91409
4.3358
7.87231
7.19321
2.8696
2.58302
11.7908
4.53362
6.16028
3.71743
5.85928
3.02988
5.33482
13.3118
14.3624
12.2711
19.6186
4.67394
9.34639
3.61946
7.51863
3.76447
16.6565
4.12404
3.90228
1.7642
3.8666
12.7907
17.091
13.1137
8.51849
4.10634
5.28821
8.6901
14.0174
6.99056
14.5603
4.86799
10.5906
8.26586
3.80939
5.04582
24.1075
4.58756
18.8554
4.8173
20.0082
18.0226
4.94703
16.6902
5.62715
9.89111
8.48911
4.07859
7.24575
6.9703
3.82234
4.7152
2.50955
2.6164
4.33421
4.25462
5.46289
7.91195
5.2938
9.02979
8.43945
14.4971
2.58276
6.31921
4.35051
26.9647
4.19056
6.11027
4.69134
29.9873
19.4926
4.38932
19.2411
17.583
6.8404
3.56321
3.4842
10.3672
8.70498
5.92169
4.12218
7.24736
9.34662
2.54864
11.6647
4.53362
5.83294
3.45089
5.85928
2.71975
3.33717
5.33482
11.9232
14.3624
12.2711
19.4614
3.82948
9.10095
4.07473
7.5467
3.76447
17.4396
5.39584
3.90228
3.39773
3.8666
10.9696
13.0101
7.9104
4.10634
5.28821
8.6901
16.1114
6.99056
14.5603
10.6679
6.99429
2.29364
7.49519
3.30072
22.1621
5.80875
18.8554
4.8173
20.0082
2.25345
19.3489
9.81298
7.89171
4.07859
7.24575
6.9703
4.13704
4.7152
1.79318
2.6164
4.33421
5.23521
7.17813
7.34311
10.5436
3.22349
10.572
8.75673
15.6867
2.74629
6.31921
4.06545
26.9647
4.19056
6.11027
4.31837
29.9873
19.4926
4.38932
16.5317
19.0717
20.5642
5.70133
3.26121
10.1796
8.70498
4.39831
3.64377
7.24736
9.27197
2.78592
3.04066
2.31941
11.5026
4.53362
5.5718
4.6068
3.71743
5.74809
3.5386
5.41021
3.56229
11.2127
5.55249
19.3571
11.5189
18.1521
18.115
8.09413
8.98244
4.18971
16.891
10.1514
5.14346
4.09544
3.26436
16.8236
4.90103
5.22415
3.77426
3.86157
12.7907
13.0101
11.608
3.29115
7.9104
4.10634
5.28821
10.1303
14.9047
6.99056
14.5603
10.7157
6.47123
3.28773
5.42396
23.7828
21.3739
5.02444
19.3364
6.17285
4.48063
20.0082
6.20791
5.26938
20.7987
4.90217
14.3407
3.74249
4.07859
7.01829
13.5766
7.08801
3.72506
4.7152
2.96943
2.66928
2.09813
2.86528
3.13832
4.33421
4.85224
5.07529
7.91195
5.2938
8.57322
8.54162
16.9583
2.58276
5.42659
5.58662
4.06545
28.6125
4.19056
6.11027
4.31837
30.6719
18.6968
3.9079
17.1539
19.1087
6.00099
3.77601
3.26121
9.92338
9.23858
4.61091
3.87751
6.73809
7.4947
2.38104
12.3317
4.09576
6.14286
3.94007
5.85928
3.33717
5.33482
14.8098
14.3624
12.2711
19.4614
4.46383
9.34639
3.61946
7.96061
3.4179
16.8236
5.87159
5.1094
3.49119
3.9594
13.0268
12.4606
8.19812
4.07274
4.56856
8.98028
14.0174
5.1405
14.4009
10.6679
6.99429
3.28773
5.42396
20.7264
6.845
9.35647
19.4848
6.69133
21.4018
5.21539
32.4451
9.3355
9.02229
4.09814
7.24575
6.9703
5.48053
4.23422
4.4723
2.31858
2.6164
4.33421
5.23521
7.17813
8.19154
5.2938
9.02979
8.75673
12.7448
14.6811
2.58276
6.31921
4.16097
26.9647
3.03021
6.11027
4.6213
29.7609
19.4926
4.68039
19.1563
17.1267
5.44493
3.54204
10.106
9.23858
6.46829
7.78814
3.64377
7.77723
6.93339
5.5876
2.58302
11.8099
4.75256
6.42427
6.16028
3.39383
5.50178
3.92919
5.96217
4.62804
12.532
14.3624
12.2711
19.4614
4.51633
8.17448
3.43972
7.68278
3.76447
3.28175
16.8236
4.90103
5.24447
3.94629
3.9594
12.2088
13.6235
8.28297
4.10634
4.58023
4.62238
7.90789
14.4484
8.39323
13.2592
10.654
7.53386
3.28773
5.81895
22.1621
7.53045
18.2157
5.30282
20.5516
5.36899
31.0733
9.3355
7.5377
5.34893
4.34952
8.75912
6.9703
3.82234
4.7152
2.0725
2.4308
2.85502
2.76036
4.48936
5.025
5.82118
7.91195
5.2938
9.02979
8.43945
13.7926
2.58276
6.31921
3.32317
4.2753
24.4969
4.19056
5.89059
4.31837
30.2202
19.5668
4.38932
16.5317
17.1153
6.54106
4.97108
10.8128
9.23858
4.76625
3.14402
7.87231
7.4947
2.58302
11.5026
4.53362
5.57062
4.58771
5.00279
3.97472
5.33482
13.283
14.3624
12.2711
19.6732
4.51633
9.34639
3.61946
8.79934
3.96636
17.4045
4.90103
4.32053
3.40521
3.80147
4.00937
14.5186
12.7907
13.9327
7.98634
4.57321
5.56817
8.25261
8.30779
6.29627
14.4009
10.6679
7.90367
3.28773
5.42396
22.1621
25.6099
6.72418
11.6109
18.6946
4.8173
20.0082
4.8803
5.26938
24.8145
9.3355
7.5377
3.99908
8.52553
8.5535
7.88058
3.51808
3.86974
2.50955
2.43515
4.59115
5.23521
7.17813
7.91195
5.2938
9.79013
8.18518
14.854
3.18899
12.9263
6.63331
3.35323
36.8362
4.19056
5.36464
6.11027
3.87024
29.7588
19.4926
4.38932
16.1185
18.8052
5.814
3.26121
9.92338
9.56037
5.03945
3.64377
7.24736
7.4947
2.82402
2.38104
14.6417
11.0119
4.53362
5.93959
5.83294
3.71743
6.04576
3.33844
5.93332
14.669
12.9353
12.7068
19.4614
4.15479
9.34639
10.1704
3.2442
7.51863
10.1454
3.49847
0.737408
16.8236
17.9333
5.58642
3.90228
1.20347
3.8666
12.7907
15.3655
16.1843
7.9104
4.10634
5.05918
7.90789
14.0174
6.99056
14.5603
4.35172
9.0309
8.06277
3.28773
5.42396
20.4646
5.63676
7.60974
18.6946
4.8173
16.9638
18.388
6.49023
21.9005
4.90217
3.74249
4.07859
7.24575
7.8685
3.89701
5.41643
2.50955
2.6164
3.67953
3.76325
5.025
5.44505
7.91195
5.2938
9.02979
8.43945
14.4971
2.58276
5.79086
4.08349
29.3916
4.19056
7.72742
4.6213
27.9679
18.9502
4.38932
15.3082
11.9189
13.9139
12.1618
5.814
3.26121
9.92338
8.36697
5.84289
3.8954
3.64377
6.83199
7.4947
2.72412
4.95378
12.4242
4.75256
5.32425
3.65012
5.50178
3.92919
5.33482
12.6446
14.068
12.2711
19.4614
2.43084
4.71337
9.34639
3.61946
7.51863
3.76447
16.8236
4.40048
2.36595
3.23335
3.39773
3.8666
12.7907
13.0101
2.87071
5.50154
4.10634
5.28821
2.91851
8.04295
14.0174
6.99056
14.5603
10.2923
6.99429
3.68645
5.97884
26.1887
22.1621
6.22333
18.8554
8.28615
21.4018
8.50244
24.5811
7.64857
6.94331
4.75097
8.40886
6.76536
3.67561
4.7152
1.51589
4.16145
2.6164
4.33421
3.55957
4.66444
3.305
5.82118
7.56837
5.82306
9.65681
8.43945
15.7093
2.54273
9.26339
6.18139
3.5239
2.88746
6.15646
24.4931
4.19056
7.56755
3.87485
29.9873
19.4926
4.68039
16.822
15.9798
10.5622
17.583
5.19779
4.97108
9.86102
9.23858
4.69688
6.63722
3.64377
7.03466
7.4947
4.65771
2.25992
12.3018
2.76873
5.83294
4.17887
3.82201
5.85928
3.1115
5.33482
14.228
14.3624
12.2711
19.9029
4.51633
9.34639
3.61946
7.09173
3.76447
16.9512
4.90103
0.804201
3.13712
4.28334
3.39767
18.3094
13.7607
13.0101
7.9104
4.10634
5.28821
8.6901
14.0174
7.50172
14.0324
14.45
9.98303
5.36835
5.11765
3.10361
5.64003
23.0235
5.80875
18.8554
2.79829
5.31876
20.0082
3.87401
23.4749
9.3355
7.5377
4.34952
5.43677
6.9703
3.82234
4.85632
0.409243
2.62596
2.6164
4.33421
4.80264
5.81047
7.94866
5.82306
8.57322
8.43945
14.854
2.58276
6.31921
4.16097
99
4.19056
6.11027
4.5092
4.31837
29.9873
30.6955
21.2577
14.5918
4.72158
3.77129
15.8468
22.138
6.77874
4.12361
3.65492
8.72398
7.55234
4.61091
4.2639
3.18637
6.11053
7.40425
8.96446
7.55039
4.27868
11.5026
4.75256
5.83294
4.04471
5.79375
3.51595
5.33482
14.5811
14.3624
12.2711
19.4614
4.14478
99
7.57482
3.19449
7.93204
2.84495
16.096
4.90103
3.90228
4.0488
3.27922
3.8666
12.3089
17.4644
1.92622
13.0101
7.0633
4.10634
5.28821
8.30394
19.3463
99
6.09908
17.1811
11.7821
6.99429
6.20523
3.66574
6.90696
5.67465
22.1621
6.0648
7.82453
19.9368
3.1755
19.4883
5.73303
19.1666
24.4578
10.3493
16.4007
7.46519
4.07859
6.85218
6.9703
3.82234
4.65188
2.31858
2.89407
4.11612
5.22435
6.10056
7.54699
5.5763
8.08927
7.49781
7.15583
2.58276
6.31921
4.85165
26.9647
4.4273
1.81515
4.69134
41.5256
18.8457
4.38932
16.5317
17.1562
5.79116
3.26121
9.60257
7.06571
5.03945
5.09646
4.5028
7.21458
3.80158
12.9031
7.4212
3.97596
13.15
4.75256
5.83294
3.62238
5.85928
3.33717
5.33482
14.5811
14.3624
11.1634
19.4614
3.65852
9.34639
3.61946
8.43105
4.05352
18.2427
4.90103
3.64212
3.39773
3.8666
17.7512
12.7907
13.0101
8.94388
4.28455
4.83744
8.6901
12.51
5.85356
14.4009
10.6679
6.98841
3.28773
5.42396
21.2102
7.09186
5.29583
19.3364
6.17285
19.9377
5.70526
23.44
22.4001
9.3355
7.5377
4.07859
7.24575
6.9703
3.81572
4.5543
2.31858
2.6164
4.33421
4.59752
5.82118
7.91195
5.2938
8.08927
8.26562
14.854
2.54273
5.50911
4.06545
24.4969
4.74131
6.21097
4.70465
26.8171
19.5668
4.38932
16.6682
99
5.43026
3.58069
12.1584
9.56037
5.03945
3.64377
7.24736
6.69643
4.27868
11.5026
4.53362
5.83294
4.22865
5.79375
4.52324
3.9212
8.81699
10.1379
14.3624
12.2711
19.4614
3.65852
9.34639
3.61946
7.41476
99
15.7801
5.25089
3.90228
3.39773
3.8666
13.0268
11.543
7.91391
5.11945
6.19692
8.6319
12.51
6.29627
14.6272
14.4001
10.6679
6.98764
3.28773
5.42396
21.7655
7.53045
19.0002
4.82923
20.0082
15.6556
6.80401
25.915
9.3355
7.5377
4.07859
7.24575
5.15136
7.08801
3.82234
4.19455
3.7902
2.24704
6.21826
2.6164
4.13735
5.73972
6.40214
8.59323
7.88469
5.5298
9.65681
8.18518
16.9583
2.58276
6.31921
4.06545
26.9647
4.19056
6.11027
4.31837
30.2474
19.4926
4.38932
16.6682
13.3051
6.42959
2.46166
12.0817
9.23858
5.03945
3.64377
7.24736
9.23462
2.54093
12.458
4.75256
6.22174
4.03029
6.76
2.88073
5.03352
10.6691
12.9353
13.0499
20.8718
5.39663
9.0762
8.5345
4.07473
7.51863
3.88
16.8236
4.39458
4.01412
99
4.25738
11.7459
13.0101
7.60775
4.10634
5.28821
8.14192
14.5205
6.88655
16.752
10.6679
6.99429
2.22593
5.4214
24.9912
6.33026
18.8554
4.8173
20.0082
5.70526
23.4749
9.3355
7.5377
4.07859
7.24575
6.6672
3.35848
3.6941
4.7152
2.59593
2.6164
4.33421
4.31028
5.82118
7.91195
4.97524
8.80563
8.43945
14.4971
2.58276
5.00841
4.20224
99
4.19056
6.11027
5.915
4.3545
35.9667
28.964
18.6124
24.9632
3.49604
21.1859
18.3508
6.95139
4.12361
8.72398
9.56037
2.69135
2.70889
5.71106
7.03466
5.62832
3.11688
13.15
4.75256
5.83294
3.94007
5.85928
3.42077
5.33482
13.6253
14.5931
11.8606
19.4614
4.15479
9.77694
3.2442
8.96008
8.45201
16.6565
15.4779
4.12404
4.1771
0.805298
4.13038
3.8666
3.39753
16.25
12.3089
13.5143
8.29937
3.86936
3.50194
5.57674
8.6901
13.2321
7.9631
13.8298
10.8207
6.17748
8.13979
2.78706
5.01738
5.97884
22.1621
5.82439
18.8554
8.28615
19.4883
6.482
99
9.3355
7.5377
3.04344
8.75912
6.9703
3.82234
4.7152
2.31858
2.89407
3.72706
5.18793
2.89852
6.24136
7.15131
8.09836
9.31086
6.21373
7.46928
6.62563
7.49781
13.4951
2.58276
6.31921
3.31996
26.9647
4.19056
6.11027
4.31837
30.2474
19.4926
4.38932
16.5317
19.0691
5.63542
3.26121
10.3072
7.61348
4.36056
3.64377
7.24736
7.21655
2.27439
10.7345
15.496
4.09576
5.83294
4.2157
5.05647
3.60983
13.9732
3.5386
3.46612
4.75043
8.31167
10.6691
8.35631
13.1019
10.6925
19.4614
4.15479
8.47077
6.53522
9.34639
3.29263
3.61946
7.51863
4.09544
5.95623
16.8236
4.34786
3.6122
4.31248
3.66746
13.4942
13.8222
7.91391
3.79515
4.10634
5.28821
8.6901
14.0174
6.99056
12.4479
14.2743
10.0527
10.6679
6.99429
3.28773
5.42396
22.1621
5.80875
8.8617
7.52529
18.9768
4.8173
20.0082
5.70526
19.3489
9.3355
7.5377
4.07859
7.68129
7.19863
10.5614
7.08801
6.31016
3.82234
4.7152
2.96027
2.6164
4.33421
5.08186
5.36886
5.88719
8.50648
5.692
10.8561
11.4491
8.43945
14.0717
2.54273
5.50911
4.06545
26.9647
4.19056
3.5902
5.90887
3.78337
2.80861
29.1457
20.7775
4.76657
16.1185
13.3051
6.78317
3.46109
9.20287
12.607
8.18901
3.49469
3.14402
7.44846
7.4947
3.45831
2.25992
11.5026
4.53362
5.83294
3.94007
6.07713
2.68288
5.68328
5.88979
13.3118
14.3624
12.2711
19.6948
20.0071
1.69715
10.8779
3.86341
6.28362
3.27557
17.4008
3.68589
4.39458
1.86965
4.01412
1.7642
4.43783
13.0268
13.0101
7.36808
3.40978
5.28821
8.14192
14.9047
6.99056
14.5603
10.6679
7.15688
3.28773
4.1981
22.1621
5.66731
18.8554
6.0301
20.0082
2.66569
24.8145
9.3355
6.9888
7.9847
4.02331
6.70034
6.02069
3.64603
4.52672
5.26456
2.58427
2.6164
3.95841
5.025
3.05493
5.82118
7.91195
5.88694
4.9724
8.80563
8.94256
14.0717
2.58276
6.31921
2.88746
24.4969
2.35827
5.96538
6.15769
3.87024
28.964
21.904
19.4926
4.62252
2.90908
14.8312
19.2198
5.48865
5.01426
3.58069
10.5645
10.7724
9.16769
5.08132
3.73895
3.43238
7.24736
7.4947
2.58302
13.1329
4.53362
5.85263
5.95342
4.58336
5.73694
3.33717
5.33482
12.9061
6.07307
13.1685
13.2145
4.72206
19.021
19.2875
5.1459
9.34639
3.61946
3.43134
7.47141
3.09483
16.9512
4.61829
3.85045
3.77426
3.8666
12.7907
15.0249
13.634
7.40365
4.44116
6.72378
4.77902
8.6901
14.0174
6.99056
16.4659
10.4183
7.96433
3.80939
5.04582
25.081
21.3739
12.2667
5.80875
17.7432
4.8173
20.4045
5.70526
23.4749
9.24163
13.4844
6.92283
4.51777
7.29219
13.0922
7.08801
3.82234
4.65783
1.65016
2.6164
2.36773
4.31561
5.025
5.82118
7.91195
6.21373
9.02979
8.26562
12.2273
2.58276
7.8692
6.32839
6.97368
4.06545
24.4969
4.19056
6.11027
4.6213
29.9873
19.4926
4.38932
16.5317
17.8462
5.814
3.26121
9.92338
9.23858
4.88942
3.48192
7.34611
8.17667
7.4947
2.58302
11.5026
4.53362
4.76244
3.79401
5.33219
10.5344
5.61603
13.3118
14.3624
12.2711
19.4614
4.15479
9.34639
3.61946
8.49114
3.76447
16.6622
17.4896
4.90103
4.32053
2.12704
99
6.07112
3.61936
13.0268
13.0101
7.9104
3.51393
4.00071
8.6319
10.7397
10.028
6.99056
14.5603
10.6679
6.99429
3.28773
5.4067
22.1621
6.96731
99
18.8142
4.8173
20.0082
7.79786
23.374
9.3355
7.5377
3.34628
0.781838
4.47777
4.60127
5.18314
2.31858
2.6164
4.17177
5.21076
6.63458
7.15409
1.17545
3.80654
5.2938
8.59514
8.43945
14.4239
2.58276
6.43634
4.06545
26.9647
4.19056
6.11027
3.66017
29.9873
19.1956
5.00475
16.5317
17.583
7.86886
6.32239
3.54204
10.4301
6.66474
8.91633
6.27299
3.64377
7.24736
7.4947
2.38104
11.5026
4.53362
5.52191
4.58771
5.85928
3.33717
5.33482
13.3118
14.3754
12.2604
19.4614
4.41688
7.28296
9.23412
5.32087
3.61946
6.02848
4.13973
15.7512
4.90103
3.23335
1.65357
4.9229
16.9488
13.0004
13.0101
7.9104
4.10634
5.28821
7.93388
15.2208
8.30779
11.7955
7.18452
14.8245
8.76526
9.91375
2.76083
4.39923
8.49693
3.8402
3.28773
7.25532
5.15503
22.1621
8.81193
5.51349
18.559
5.30282
20.0082
5.8243
23.0129
9.3355
8.27614
4.07859
6.86425
4.15125
6.57288
3.7051
4.7152
5.21322
2.70154
6.50979
7.53572
3.15868
3.8451
4.68624
5.82118
7.91195
4.97587
9.02979
8.26202
16.9583
2.58276
6.37827
4.06545
26.9647
4.19056
6.50073
4.31837
29.9873
19.4926
4.63312
16.2861
21.233
5.63542
3.54204
10.4352
10.8201
5.03945
3.64377
7.24736
7.21655
2.25992
10.2907
4.53362
5.82705
4.14539
6.07713
2.68288
5.91263
12.2653
14.8396
5.73237
11.718
18.2555
3.94116
8.82686
3.61946
3.502
10.3353
4.05352
5.14105
15.0619
5.39584
4.32053
1.64204
2.98281
4.15639
12.7344
13.2168
9.50247
4.17227
3.76683
4.83744
9.04376
14.0174
6.99056
14.5603
10.6679
6.47123
3.09235
5.42396
20.7264
5.80875
18.8554
4.8173
10.2335
17.7109
5.67749
23.4749
9.3355
7.5377
4.07859
7.24575
8.77322
4.02541
4.65188
2.24145
8.90483
2.89407
3.62494
5.84515
3.7542
7.46925
5.2938
9.02979
8.28646
8.03409
14.854
3.18899
12.5465
6.31921
4.06545
26.9647
4.19056
6.2159
3.70486
34.5922
19.4926
4.38932
17.1539
16.2815
5.814
3.26121
9.92338
9.23858
4.30623
3.5918
8.02128
7.4947
2.72412
11.5026
4.53362
5.83294
3.94007
5.79375
3.51595
5.93332
13.3118
14.3624
12.2711
18.0138
3.86035
10.2312
3.5815
8.28466
3.09483
16.6561
5.58642
3.62026
4.28639
3.8666
12.7907
13.2168
10.3508
4.10634
5.28821
8.6901
14.9966
6.99056
15.6204
10.628
7.73405
3.28773
4.7086
22.1621
5.80875
18.8554
6.17285
20.0082
5.70526
24.0543
14.7457
9.3355
7.5377
2.6308
99
5.02276
5.1491
4.86499
2.41498
2.6164
3.95841
4.57517
6.32039
4.56518
7.41681
4.12612
8.04544
8.43945
8.15603
2.58276
6.31921
4.61129
26.9647
4.19056
6.21097
4.8223
3.25783
31.1413
18.0735
4.55482
16.5317
17.583
5.47296
3.34763
9.95412
8.36697
6.99329
3.14402
7.44846
9.27197
2.25992
11.5026
4.53362
5.83294
4.15278
6.07713
2.68288
5.33482
13.3118
14.3624
12.5169
3.5452
19.9029
4.15479
9.34639
3.61946
7.70303
5.21245
3.76447
17.4008
4.12404
3.23335
2.98281
3.66746
13.4942
11.1506
7.9104
3.45757
5.80815
8.6901
16.1114
6.99056
15.0113
10.6679
6.47123
2.3202
5.69205
22.8588
5.63676
18.5034
3.1755
19.2753
5.36899
22.8403
9.64706
5.54172
7.5377
4.51777
7.24575
6.9703
3.82234
4.7152
2.31858
2.6164
4.17177
5.73972
7.02552
8.39587
5.5298
8.76902
8.43881
7.24964
14.5531
3.23524
6.63331
3.79822
26.9647
4.19056
5.90887
3.44616
30.5516
19.4926
4.38932
18.7864
18.4349
5.73357
3.29491
9.92338
9.23858
5.03945
3.29305
7.27908
7.55039
2.61569
11.5026
4.53362
5.83294
3.49715
5.85928
3.33717
3.72017
5.14539
13.7329
12.3617
12.1062
21.3312
4.67394
9.34639
3.61946
8.96008
3.4179
16.8236
5.41136
3.90228
3.39773
3.8666
12.7907
22.0534
1.27475
13.0101
7.9104
4.10634
5.28821
9.49872
18.1145
6.99056
14.5603
11.6693
6.62487
3.28773
5.42396
23.0235
4.93851
19.3499
5.30282
3.95843
20.0364
5.70526
10.812
9.3355
8.57379
4.61969
4.07859
7.24575
6.50296
3.97649
3.62764
5.41327
4.89044
2.31858
2.6164
4.48936
4.8179
5.82118
8.39776
3.44139
3.4423
8.43945
15.3213
2.74798
6.64416
3.79527
26.9647
4.19056
6.11027
4.467
29.277
27.5694
19.4926
4.39727
17.8849
99
5.44493
3.0354
10.106
9.84089
6.14656
5.02032
3.95952
7.4947
2.25992
11.5026
4.53362
5.02048
3.94007
5.73694
3.57652
5.33482
13.416
14.9367
12.5786
18.6207
99
7.57482
2.97693
7.51863
4.57319
4.92338
16.8236
4.90103
3.90228
3.76444
2.74634
11.731
13.0101
7.60775
4.10634
3.49878
5.28821
12.2039
14.7311
6.29627
14.5603
8.67025
10.6679
6.98841
3.28773
5.42396
22.1621
5.66731
18.9348
6.69133
20.0082
4.66017
20.4036
10.3766
8.37904
4.51777
7.24575
6.9703
3.82234
4.5543
2.31858
2.6164
4.33421
5.025
5.82118
9.32099
7.91195
11.4814
4.65682
9.72853
8.75673
13.9261
2.58276
6.31921
2.88746
2.46716
99
4.19056
6.11027
4.98383
30.6719
19.4926
4.38932
14.8312
19.1319
5.48865
3.9537
10.5645
9.56037
11.0266
4.39831
3.64377
7.24736
7.4947
2.58302
12.7716
4.09576
5.83294
3.94007
5.62449
3.1854
5.33482
5.60428
10.7361
14.2177
12.3114
5.46062
19.2241
5.91473
9.77694
3.2442
7.90323
3.88
17.0588
4.94141
3.90228
2.49858
3.73846
4.05722
12.7907
13.2517
8.29937
3.45757
5.57674
8.6901
12.3423
7.9631
14.2571
10.4144
6.37191
3.41789
6.32555
18.9208
21.3739
5.80875
18.8554
4.8173
20.5516
5.73303
32.788
10.3766
8.37904
4.07859
7.81307
9.74305
4.10142
3.21234
5.32263
2.31858
2.6164
4.33421
5.73972
4.97737
7.58902
5.2938
9.02979
8.43945
14.854
4.72769
2.18213
6.94961
6.64459
2.83167
4.42746
24.4969
3.15777
5.08952
4.31837
29.9873
21.2577
4.72158
15.8468
18.4349
5.814
3.26121
9.92338
10.3443
6.60485
9.64069
3.95952
7.4947
2.3
12.7716
4.50112
3.72256
5.83294
3.94007
5.97778
2.68288
8.81699
12.3057
9.23956
6.86144
14.6631
8.87642
9.61556
12.2711
18.9974
5.07
9.34639
3.61946
3.00859
7.51863
3.76447
16.8236
5.17224
4.01412
3.39773
4.16336
11.5939
13.0101
7.33776
4.44116
5.38997
12.21
17.9136
14.7472
6.99056
14.5603
10.6679
6.54214
2.96682
5.60852
22.1621
5.80875
18.6946
3.32192
19.7959
5.70526
23.4749
9.3355
7.5377
4.48963
8.69077
7.51378
3.06088
4.96557
2.28009
2.6164
4.33421
5.23521
3.93048
7.17813
7.91195
5.5298
8.57322
8.43945
14.4971
2.58276
6.31921
3.70531
4.16097
26.9647
4.19056
6.11027
4.267
28.8005
19.4926
4.38932
16.8618
16.551
5.44493
3.0354
10.4175
6.16299
9.84089
2.38768
3.64377
7.24736
8.47789
1.98674
12.5802
11.7223
8.0634
5.57062
3.44641
5.84018
3.92919
5.33482
13.3118
14.3624
12.2711
19.2649
20.2459
4.15479
8.29913
3.96881
3.41126
7.51863
3.76447
16.8236
4.99663
3.90228
1.60939
3.27922
3.60628
3.56216
17.6742
12.7907
18.7373
13.0101
8.29937
4.10634
5.28821
8.6901
14.0174
16.2825
11.8505
11.9396
10.6679
6.99429
3.28773
5.42396
22.4429
5.09017
18.8554
5.01182
19.7959
5.33893
23.4749
9.79568
9.34392
4.39516
7.24575
6.9703
3.82234
4.5543
2.58427
2.6164
4.49705
5.08186
5.58564
6.80294
5.87764
8.57322
7.86978
15.7093
2.54273
6.18139
3.19902
26.9647
4.19056
5.06935
3.28996
29.9873
19.1956
5.00475
16.562
17.583
5.814
3.26121
10.6776
9.23858
5.08132
3.72501
6.46906
7.36805
2.80152
11.5026
4.53362
5.83294
3.94007
6.32888
3.3231
6.76289
12.532
7.90847
14.3624
12.2711
22.6296
4.36966
8.98244
9.31652
3.51929
6.34266
3.27557
16.8236
5.40282
2.20904
4.11265
3.98338
3.21464
3.95467
18.7888
12.2088
12.2801
10.3508
3.71999
2.58978
6.1518
8.6901
16.1532
6.99056
14.5603
10.7157
6.99429
3.28773
5.42396
22.1621
4.77452
18.67
4.8173
20.9138
20.0082
27.7704
6.45467
23.374
7.92784
6.94331
4.07859
6.87242
6.9703
3.10393
4.7152
1.87436
2.76036
4.33421
5.025
5.64218
4.12291
8.09648
4.62321
5.2938
9.02979
6.76167
6.3296
14.854
2.86853
6.31921
7.98719
31.3107
25.6185
3.83399
5.06804
4.05327
16.7197
4.31837
30.8485
18.446
4.55482
17.5039
10.7676
11.5078
5.21104
2.3988
9.48336
7.61348
5.03945
3.64377
4.83572
7.24736
7.4947
2.58302
11.8099
4.75256
5.24341
4.30553
5.5109
3.33717
3.36752
5.33482
13.3118
14.3624
12.2711
19.4614
0.951564
9.34639
3.61946
6.06432
3.76447
16.8236
3.5954
4.55263
4.1771
3.39773
3.8666
12.7907
13.0101
13.2786
7.89382
4.10634
5.28821
8.6901
14.0801
6.99056
14.5603
8.68407
10.8955
7.5562
3.32501
6.16565
5.19644
21.2383
21.3739
6.76917
18.8554
4.8173
20.0082
5.21539
25.3709
9.3355
7.5377
4.07859
7.24575
6.9703
3.82234
2.27545
4.96557
2.31858
2.6164
5.04203
4.64148
5.025
5.85397
7.58902
5.5298
8.47578
10.7434
8.43945
13.9229
6.32209
2.74629
6.31921
4.2753
3.39637
24.4969
3.8713
6.11027
3.60707
29.9873
19.4926
4.73555
4.12821
17.1243
20.3003
5.73357
3.58069
10.2085
8.36697
5.60469
3.88855
9.69317
3.95952
6.93339
3.91009
2.87493
11.5026
4.75256
5.82705
4.08857
5.85928
3.33717
5.33482
14.0728
14.3624
12.2711
2.93606
17.4736
4.15479
9.73829
3.61946
3.92323
7.51863
3.80966
16.8236
4.94141
3.90228
2.28027
3.96732
13.5457
13.0101
7.9104
4.36823
6.59002
9.1334
10.7397
7.05296
13.8298
11.6693
4.14633
7.24353
3.28773
4.86598
5.42396
22.1621
5.82439
5.8314
19.0206
5.59116
20.0082
3.81604
5.59015
23.4749
10.0207
7.5377
4.07859
7.8033
3.88635
7.08801
3.91674
3.4658
5.15171
2.62644
2.46119
4.69937
4.49928
6.10056
7.91195
5.2938
9.10101
8.43945
14.854
2.58276
6.31921
4.06545
26.2249
4.19056
6.02939
5.68213
5.43013
29.6875
31.4707
19.4926
4.38932
17.1539
17.583
6.39008
6.65504
3.26121
9.11399
10.8201
5.24878
4.74038
5.29906
3.64632
6.66083
7.4947
2.38104
10.939
4.53362
5.95342
3.94007
6.88932
5.85928
3.50547
5.17442
13.3118
14.2177
11.7513
18.8975
4.67394
7.48143
10.2312
3.5815
12.1151
3.95018
17.1391
4.61829
4.95758
3.39773
3.8666
12.7907
13.0101
7.90733
4.10634
5.28821
10.1519
14.9442
12.51
6.01802
16.752
9.85793
4.26409
4.76904
0.673905
3.28773
6.59236
5.42396
21.8952
9.23176
5.51349
18.4896
3.1755
20.0364
5.42168
25.3709
15.4187
10.3766
7.05852
4.07859
5.99489
6.9703
3.82234
5.2996
3.44112
3.43504
2.62644
2.6164
4.33421
6.13666
5.82118
7.84369
5.28392
6.63551
9.19804
8.28304
5.97318
14.854
2.58276
5.77284
6.37827
7.2035
4.06545
26.9647
4.4045
6.11027
3.0799
3.20972
27.9679
19.9188
3.9079
1.22353
16.3622
8.07238
5.16403
2.3988
11.1843
7.3078
5.2825
5.0468
3.91878
6.83199
7.55039
2.25992
12.6468
4.53362
5.39374
3.98944
5.79375
3.92919
5.33482
13.7505
15.3823
12.7198
4.31706
17.6607
4.17854
5.05461
5.24266
3.00958
6.99209
3.76447
16.8236
4.90103
3.78304
4.03502
3.3865
3.8666
12.6941
13.0101
7.9104
3.51393
4.00071
8.6901
12.51
6.99056
14.2571
16.3413
10.3676
11.926
7.15688
3.36618
4.82422
20.6102
5.01609
18.4896
5.34245
19.3391
6.89128
5.62164
27.3659
9.3355
7.5377
2.8588
3.13036
7.24575
5.47967
7.08801
3.7051
4.76868
8.05812
2.89351
2.01664
4.49705
5.22435
6.10056
8.30786
6.21373
9.02979
8.43945
14.4239
2.58276
5.54445
4.20224
29.9242
39.6983
4.4045
1.81515
4.3902
28.964
19.345
4.12916
17.1539
15.2174
17.9708
5.814
3.39423
3.53269
9.20287
7.78621
5.10145
3.25328
3.64377
7.51726
6.19981
2.485
10.6822
4.53362
5.83294
1.72481
3.90323
6.04576
4.69208
3.5386
4.75043
15.9903
12.5808
11.8997
18.2555
1.26246
9.34639
3.61946
7.42931
5.92695
3.52149
16.8236
4.90103
3.90228
3.7128
3.8666
12.7533
12.8907
8.60774
4.10634
4.58023
5.05131
13.5984
6.99056
14.5603
11.926
6.99429
3.28773
5.31273
23.0235
4.93851
18.8554
4.8173
10.7198
20.2384
5.66097
5.81062
29.9712
10.0341
7.70745
4.07859
6.62891
9.02064
2.68512
4.69891
99
4.48579
2.45845
4.00889
5.30337
6.23457
10.0301
5.28392
8.98232
8.43945
17.7245
2.47262
5.90407
5.50529
24.5007
3.14656
5.76501
3.66017
31.7989
19.9188
5.29284
13.907
18.4349
5.814
3.26121
9.92338
8.91633
5.03945
3.64377
7.51726
7.22264
2.2635
12.7596
6.07958
5.83294
3.51971
5.5109
2.94032
5.33482
13.3118
12.5808
12.8857
4.8212
17.6607
4.51633
9.34639
3.61946
7.51863
9.12053
3.88
16.096
4.90103
4.46614
2.12704
99
3.8666
12.7907
13.0101
7.97275
4.57321
5.98289
9.1334
5.15781
12.1052
11.9486
5.10339
9.43974
14.2597
10.7979
7.60602
3.49046
6.29508
18.8988
20.4646
5.80875
18.8554
2.5565
20.0082
6.482
99
6.19311
10.472
9.34647
4.07859
6.87242
8.37512
4.74323
4.71799
2.31858
2.6164
4.13735
5.73972
6.01414
7.91195
2.66036
9.63826
11.0964
8.43945
14.854
3.6317
9.77177
7.95907
4.77722
2.72291
26.9647
4.38107
5.90422
3.70486
30.9454
20.1696
4.38932
16.9946
99
4.68265
2.38197
9.42358
9.56037
4.39831
3.64377
7.40425
4.73715
7.55039
2.93413
11.5026
10.1567
4.53362
5.83294
3.94007
5.73694
3.57652
5.33482
13.0101
14.5931
12.5981
11.0565
19.4614
20.5986
4.15479
9.34639
3.44691
3.61946
6.99209
4.13973
16.8724
4.95014
3.64709
3.99094
99
4.75523
11.7459
13.7438
7.9104
4.10634
5.28821
9.12906
4.82735
13.2321
11.7187
6.99056
14.5603
10.6679
7.74868
2.92631
7.49519
3.96089
22.1621
6.0648
18.6946
4.8173
20.0082
5.70526
25.915
9.3355
7.5377
3.19701
7.61951
6.68202
3.72506
4.7152
1.59991
2.01664
3.81869
4.75596
6.05447
7.91195
5.2938
9.65681
8.43945
15.558
2.58276
6.31921
4.35051
29.3916
4.62791
6.11027
4.31837
29.9873
19.4926
4.38932
16.5317
17.583
5.43026
2.77966
8.93327
9.00705
5.03945
3.64377
7.24736
7.4947
2.58302
11.5026
4.75256
6.08131
3.48858
5.76265
2.81748
5.08434
8.75318
13.2551
14.3624
12.2711
19.2052
4.39001
9.75081
3.47318
3.51904
8.54149
3.76447
16.8236
5.26859
3.90228
2.28027
3.8666
12.7907
3.37922
13.0101
8.02632
4.10634
5.28821
8.6901
14.8242
6.99056
14.5603
10.6679
6.99429
2.96682
5.81895
99
5.63676
18.8554
2.80672
5.30282
20.0879
5.70526
23.1274
10.8133
6.19423
4.07859
7.24575
6.9703
3.82234
5.47757
2.97424
6.35793
1.94584
2.60444
4.59115
4.80467
5.47962
5.41315
7.15821
5.2938
9.02979
8.43945
14.854
2.58276
6.31921
2.42995
22.6878
4.19056
6.11027
4.467
2.92699
27.906
27.3903
19.4926
4.38932
15.9867
15.9519
12.3207
15.1052
5.814
3.26121
10.4352
12.9591
12.3384
9.23858
5.03945
2.78055
7.24736
10.4825
7.4947
2.58302
7.03046
5.26671
11.5026
4.53362
5.83294
6.22244
3.44641
5.64792
5.06483
5.40058
6.67735
12.9126
14.5931
11.8606
18.963
4.46383
9.34639
3.61946
7.51863
4.53949
16.6622
22.4961
4.90103
3.2195
3.39773
3.64911
12.7907
13.2168
7.75466
4.57321
2.42191
3.84967
2.46821
8.6901
14.0174
6.99056
14.5603
10.9557
9.69104
10.2441
4.40392
7.21131
3.49046
4.73593
6.243
22.1621
5.80875
13.5297
18.9348
3.1755
19.4883
5.42168
32.138
24.053
24.5839
28.2052
10.0207
7.88073
6.93849
3.1432
4.07859
4.17276
8.44956
7.24575
7.6055
3.82234
4.84016
2.62644
2.6164
4.60341
2.74331
4.31028
6.52375
7.91195
6.21373
8.29406
8.26562
6.13549
11.9276
2.58276
6.48387
1.42734
6.32839
6.12603
2.87089
4.08349
3.35967
26.9647
3.77659
4.24804
4.77363
6.02939
5.42639
4.39776
4.21039
29.9873
19.4926
4.38932
15.023
10.0604
11.4091
15.1062
5.814
3.26121
10.6088
11.4054
4.39831
3.76163
7.15558
3.97155
9.71987
2.25992
11.5026
4.53362
6.11414
4.05277
5.85928
8.26067
3.33717
5.33482
13.3118
13.2072
15.3823
10.7833
12.2258
12.7198
21.3312
99
9.44247
3.51929
7.14383
3.76447
16.8236
4.90103
3.90228
2.45121
3.39107
3.56216
16.5815
12.3089
12.2801
7.65995
4.8622
5.23657
8.6901
15.0704
7.68158
13.9922
10.6679
6.98764
3.93727
3.78002
22.1621
5.51162
18.9348
11.5974
20.5516
21.5172
5.70526
25.8954
9.3355
7.89171
2.86804
7.01358
6.68202
3.72506
4.65188
1.98645
2.6164
4.33421
5.025
5.82118
7.91195
5.2938
7.90786
8.43945
14.854
2.74629
6.31921
4.8618
36.8362
4.14686
5.0535
5.38383
4.50846
4.31837
29.9873
19.9188
16.9844
4.58202
16.5317
16.2968
18.7514
5.814
3.26121
9.99727
8.70498
5.89147
5.45988
6.8511
5.05544
7.2183
7.4947
2.80152
12.3018
2.76873
6.43281
4.24606
5.7308
1.78815
5.76085
14.7039
12.3617
12.1062
19.4614
4.80316
4.15479
5.00085
9.34639
4.51171
3.61946
8.46059
4.11475
16.8236
4.90103
3.90228
0.805298
4.10316
3.66746
12.7907
13.0101
5.41519
9.10576
4.78704
4.0814
5.28821
8.6901
15.1515
16.1532
6.99056
14.5603
10.6679
6.99429
3.66574
5.67465
23.0235
5.80875
18.8554
4.8173
15.871
14.5111
18.388
3.42275
6.51883
23.4749
9.3355
7.5377
2.7148
7.84875
4.60189
6.04594
3.90553
4.58721
0.644385
2.70154
2.6164
3.95841
5.96766
6.24136
4.95835
8.58434
4.99122
6.24314
9.65681
8.26202
15.6867
2.58276
5.96141
6.37697
3.75527
24.4931
4.4045
99
3.68321
4.43339
31.2813
19.1645
22.5037
4.11369
3.46022
16.5317
17.583
5.814
3.26121
9.92338
7.3078
5.17562
3.56486
7.27908
7.4947
2.42165
10.0275
4.09576
5.83294
3.94007
5.85928
3.33717
5.33482
13.3118
10.6889
14.3624
12.2711
19.6
4.4215
5.24266
3.00958
7.8371
3.88
16.8236
4.90103
4.32053
5.13337
2.63321
1.98993
11.138
13.1137
7.28686
3.06519
3.82145
5.23308
7.38704
15.5883
6.99056
14.5603
10.6679
6.76016
3.09636
4.25207
22.1621
5.80875
18.2157
5.30282
20.5516
13.6519
8.75471
5.70526
25.915
8.99824
7.5377
4.51777
9.29412
0.781838
6.76536
3.79237
4.83394
3.20701
6.22849
2.6164
4.33421
5.025
5.82118
7.09442
5.2938
9.02979
8.43945
14.854
2.58276
6.32839
5.7975
3.79822
24.4969
3.26529
5.98058
4.31837
29.9873
19.9188
4.58202
16.5317
17.583
5.814
3.26121
10.6776
9.23858
4.89809
3.64377
7.24736
7.55814
2.25992
13.15
4.75256
5.83294
3.94007
5.85928
3.46021
3.33717
5.14454
12.3516
14.3624
12.2711
18.2555
4.15479
9.34639
3.61946
7.57753
4.13973
16.8236
4.39458
3.66463
3.78996
3.7128
3.86157
12.2088
12.5477
8.29937
4.12315
5.18703
7.25254
8.6901
12.51
6.09908
14.5603
10.6679
6.99429
4.3929
3.28773
5.42396
24.399
5.29869
18.8554
4.8173
19.3391
4.82699
5.14172
23.4749
9.3355
7.5377
4.07859
7.24575
7.55186
3.82234
4.76348
2.89351
2.01664
4.13735
5.66379
5.82118
7.75961
5.2938
9.65063
8.62732
6.64931
17.7245
2.58276
6.43634
4.2753
99
4.02888
5.76604
4.31837
30.6176
19.9188
4.58202
22.6958
18.3478
6.04859
3.34763
9.92338
10.8201
5.92169
3.89455
7.24736
7.48219
3.53498
4.0634
2.25992
11.9772
4.53362
5.83294
3.94007
5.5109
3.02988
5.14454
12.3516
14.3624
12.2711
11.314
18.1451
18.6678
3.02927
10.0655
4.45529
11.6414
3.76447
16.8236
4.90103
4.03498
4.15433
3.52147
3.8666
12.0303
13.0101
7.0633
4.10634
4.54141
9.1334
13.175
16.6648
8.98034
14.2571
10.6679
6.94103
2.78706
5.97884
22.1621
5.80875
20.0948
3.42976
20.0082
20.0323
5.70526
23.4749
11.8288
8.37904
4.54074
7.01358
6.9703
3.82234
2.81635
4.90336
2.97424
2.6164
4.92843
5.49214
5.93979
7.91195
5.88694
9.02979
8.18518
19.4291
2.41964
6.31921
4.35051
24.4969
32.8518
4.74131
6.01543
4.04461
29.9933
18.0216
7.75929
16.2681
16.551
6.37307
2.12129
10.6776
7.3078
3.969
3.84663
3.91409
7.87231
10.9784
7.55814
2.04916
11.0119
10.9205
4.53362
6.11946
3.94007
7.25129
5.42348
3.33717
5.24044
13.0927
14.3624
12.2711
19.4614
4.15479
9.34639
3.61946
7.51863
8.05613
3.76447
16.9512
4.90103
3.90228
3.16539
3.39773
4.04404
12.4924
13.1081
7.9104
3.45757
5.80815
8.6901
16.1274
6.99056
14.5603
10.6679
6.99429
5.65649
3.28773
5.42396
20.8496
21.3739
5.51349
6.0668
18.8554
5.59116
3.0549
16.748
17.1001
15.4036
4.92029
21.6994
15.2012
9.3355
7.5377
4.07859
7.24575
7.05312
7.55186
3.95848
4.7152
2.50955
6.57523
2.61655
4.48936
5.025
5.28248
5.12212
8.59323
5.2938
7.55096
9.02979
12.7676
8.75673
14.854
2.58276
7.97976
2.75824
99
3.8713
5.29098
6.83036
3.22688
4.31837
29.9873
19.4926
4.38932
15.3996
18.1064
5.47296
4.12361
9.5099
9.84089
5.23974
3.64377
7.39881
7.4947
2.27439
11.5026
4.53362
5.73862
4.73018
5.85928
3.51348
5.81127
5.51823
99
13.5441
11.4659
12.7198
19.021
15.596
4.36966
10.6156
8.10307
3.19449
9.60642
4.30776
16.8236
3.64269
4.39095
4.55263
3.23335
2.72055
5.13427
3.56216
12.7907
19.9983
16.0025
7.74333
4.10634
5.28821
8.6901
17.3675
12.8543
7.18452
13.9922
9.1915
10.0787
6.91291
3.28773
5.42396
20.8794
6.77623
18.8554
2.31859
20.0082
4.32461
19.3489
9.3355
7.5377
3.92864
4.29312
6.70034
6.9703
3.82234
4.50728
3.60695
2.4308
3.15868
4.16633
4.8179
6.23457
8.09397
5.73395
9.19804
8.91882
14.854
2.74629
6.31921
7.84614
4.2753
36.8362
5.2236
5.80201
5.30408
2.9344
27.9679
18.5111
4.55482
16.5317
16.7904
13.3849
6.39008
2.39481
3.26121
10.6776
9.23858
5.22322
5.73786
3.64377
7.44846
6.93339
4.40019
2.25992
14.9972
8.20117
4.09576
6.16028
3.94007
5.85928
3.33717
4.75043
17.0146
14.3624
11.977
21.4295
4.67394
9.10095
4.45529
9.13012
3.76447
16.8236
3.60836
4.7675
3.90228
4.46274
2.38329
3.8666
12.4779
20.8821
12.4148
11.4993
7.89382
4.10634
5.28821
8.6901
12.3423
14.1333
6.99056
15.6204
5.33718
10.0771
10.6679
6.99429
3.45431
5.7805
22.1621
5.80875
18.776
11.0208
5.67426
3.32192
20.0082
5.09305
23.4749
7.3475
6.94331
4.71471
99
5.02276
3.44
4.9975
2.50955
3.41299
2.6164
4.33421
4.81756
5.82118
7.67189
4.65682
9.02979
8.43945
13.7926
2.58276
6.31921
3.75527
3.21974
2.98681
24.4969
4.4045
6.11027
3.35212
4.47492
3.27474
28.964
18.8457
4.63574
14.9423
16.3307
5.814
3.26121
9.92338
9.23858
4.69688
2.05646
3.91878
7.24736
7.4947
5.35905
2.93413
11.0119
16.1638
9.78703
4.53362
5.83294
4.01755
3.45033
5.85928
3.33717
5.73583
13.3118
9.21451
14.3624
7.95534
11.2747
11.8179
19.4614
4.15479
9.34639
3.61946
7.64331
6.10341
2.94965
12.3801
7.6499
17.1844
4.34786
4.75388
3.64068
3.39773
3.8666
12.6941
13.0101
8.19812
4.91704
4.10634
5.28821
8.6901
9.29714
12.6612
7.18452
15.6796
10.6679
7.15688
3.28773
4.1981
25.751
25.4589
21.3739
5.71151
20.0948
4.8173
20.0082
15.4393
6.64403
5.42168
21.7816
8.99824
8.36784
7.5377
3.99908
6.85218
6.90069
4.59666
4.7152
2.50955
2.6164
4.49705
5.88728
2.62242
6.63458
5.40817
8.43723
5.2938
8.90856
9.20449
8.43881
4.60356
14.854
2.20959
6.68525
3.13033
36.8362
4.19056
6.64216
12.3816
5.20491
29.9873
19.4926
4.38932
16.5317
17.1267
5.814
3.26121
9.92338
9.23858
7.78814
3.64377
7.24736
7.4947
2.58302
14.5955
11.5026
4.75256
5.34776
3.51971
5.85928
3.50547
2.52446
3.51024
6.32878
8.02098
12.2415
14.068
12.2711
20.0905
17.5914
5.1459
9.34639
3.76353
3.51993
9.00878
4.30776
16.8236
5.05212
3.13712
1.00516
4.04463
12.1539
12.2801
7.38875
4.10634
4.58023
8.6901
12.3423
6.99056
14.4621
10.6679
6.99429
2.96682
5.42074
22.1621
5.26113
18.8554
4.8173
20.0082
5.09305
23.4749
9.3355
6.94476
2.82678
6.80452
9.71554
4.11593
4.10776
2.59974
2.6151
3.68693
2.74431
5.025
4.70529
3.7165
5.44505
7.74514
5.2938
8.08927
9.29242
15.6414
11.3419
2.09131
5.22597
4.4339
3.7623
36.8362
4.19056
6.15769
4.31837
29.9873
19.9202
4.42161
18.0045
10.7676
10.898
5.814
3.26121
10.1723
10.1162
7.61348
5.03945
3.91878
7.24736
14.0605
7.19321
1.84338
3.22902
11.5026
9.48021
7.37439
4.53362
5.83294
3.94007
5.34618
3.4818
3.33717
2.46012
5.41021
11.9805
14.9367
12.5786
19.4614
4.15479
7.22501
9.23412
3.69169
3.61946
9.99281
7.30294
3.88
16.8236
4.34786
3.92855
3.33186
3.73285
2.13802
4.16336
12.7907
13.0101
9.10576
4.28455
4.83744
8.6901
9.55539
6.99056
14.5603
10.6679
7.15688
2.96682
4.56666
21.2102
10.4759
6.17414
18.8554
3.1755
20.0082
5.89979
5.33599
4.24905
23.4749
9.3355
7.5377
5.58813
8.81753
6.9703
3.95848
3.93762
3.87947
1.87436
2.25521
3.81869
5.025
5.82118
7.91195
5.2938
9.02979
8.43945
14.4239
2.58276
6.31921
2.49595
4.75671
99
2.35827
5.64747
5.06935
3.87971
2.40633
99
19.4926
4.10507
17.1243
18.8052
15.5044
6.1084
2.20744
9.618
9.23858
5.39686
3.64377
7.24736
7.4947
2.04916
11.0712
4.53362
5.24129
2.97747
3.00566
6.04576
3.5386
5.76085
13.3118
14.3624
12.2711
19.4614
3.64014
6.49386
9.23412
3.61946
6.49096
3.4179
14.7773
4.63257
5.58642
3.90228
3.39773
4.43399
12.6669
15.0426
11.7277
3.95686
6.16001
4.57321
5.98289
7.26253
14.0801
6.29627
14.5603
10.6679
6.99429
3.28773
5.60852
26.1849
23.0235
5.01609
17.654
4.8173
20.0082
5.70526
17.5513
9.3355
7.5377
2.55353
6.80452
9.71554
4.11593
4.86499
99
7.33315
2.76036
3.95841
4.80467
5.82118
8.43723
5.2938
9.02979
6.76167
15.4614
2.58276
6.31921
3.18613
24.4969
5.0206
4.62175
4.31837
31.0349
19.4926
4.68039
16.5317
17.583
5.814
3.26121
9.92338
9.56037
5.08132
3.64377
7.24736
7.4947
2.80152
10.7345
15.0234
99
6.56124
3.24218
5.73694
3.57652
5.24044
10.6691
14.3624
12.2711
20.315
0.81873
9.473
3.85612
3.62579
7.51863
3.76447
16.8236
4.90103
3.99724
1.7642
4.16336
12.7907
13.0101
7.86853
3.85227
99
5.28821
8.6901
14.0174
6.99056
14.5603
10.6679
6.99429
3.28773
5.15503
3.18302
20.7802
3.8738
18.8142
9.09787
16.748
14.6671
5.70526
22.4773
9.46436
7.16334
4.07859
7.13112
6.68202
3.9243
3.79169
4.7152
4.27311
2.4308
1.99304
4.33421
