2.76154
1.91026
1.23718
3.27778
0.727273
0.783333
3.68333
3.70909
1.25758
3.65657
3
0.5
6.23016
0.785714
1.96154
2.48718
3.36364
3.62179
2.51515
1.45455
1.9596
0.0272727
4.92857
2.22222
2.63636
1.09091
0.285714
2.97727
0.804196
0.25
3.78409
3.5
3.26667
3.55
0.9
2.80909
0.444444
0.86014
3.96923
0.0769231
0.742424
1.08333
1.20202
4.31111
0.309091
1.8
5
1.83333
3.12121
2.89423
1.43077
1.68056
2.11111
3.33333
1.15
0.727273
2.45455
0.628788
0.598291
0.336364
2.875
1.42727
7.47727
0.388889
3.1859
2.76154
6.92857
0.222222
7.44444
3.95833
5.32692
1.17778
3.70952
3.81818
3.31313
8.26923
5.7
10.0584
10.3571
3.025
2.97222
0.91453
1.14935
5.28182
2.97222
1.9625
2.86923
0.535714
3.03896
0.8
5.46154
2.89231
4
0.954545
0.861111
2.76154
1.91026
1.23718
3.27778
1.52222
0.727273
0.783333
3.70909
1.5
0.0307692
1.25758
3.65657
2.83838
3
0.5
6.23016
1.96154
2.48718
3.36364
3.62179
2.51515
1.45455
0.718182
0.0272727
4.92857
2.63636
1.09091
2.97727
0.804196
0.25
3.78409
3.5
3.26667
3.55
0.9
2.80909
0.444444
0.86014
0.0769231
0.742424
2.61111
1.08333
4.31111
0.309091
1.8
5
1.83333
2.89423
1.43077
1.68056
3.33333
1.15
0.727273
2.45455
0.628788
0.598291
0.336364
2.875
1.42727
0.388889
3.1859
2.76154
0.222222
7.44444
3.95833
5.32692
1.17778
3.70952
3.31313
8.26923
10.0584
3.025
2.97222
0.5
2.78322
0.91453
1.14935
5.28182
2.97222
0.210227
1.9625
0.809091
1.4
2.86923
0.535714
3.03896
0.8
2.89231
0.954545
0.861111
2.76154
1.91026
1.23718
3.27778
0.727273
0.783333
3.70909
1.25758
3.65657
3
0.5
6.23016
1.96154
2.48718
3.36364
3.62179
2.51515
1.45455
0.0272727
4.92857
2.63636
5.97576
1.09091
2.97727
0.804196
0.25
3.78409
3.5
3.26667
3.55
0.9
2.80909
0.444444
0.86014
0.0769231
0.742424
1.08333
4.31111
0.805556
0.309091
1.8
5
1.83333
2.89423
1.43077
1.68056
3.33333
1.15
0.727273
2.45455
5.74545
0.628788
0.598291
0.336364
2.875
1.42727
0.388889
3.1859
2.76154
0.222222
7.44444
3.95833
2.90278
5.32692
1.17778
3.70952
2.25758
3.31313
8.26923
4.78571
10.0584
0.8
3.025
2.97222
0.91453
2.09231
1.14935
5.28182
2.97222
1.9625
2.86923
0.535714
3.03896
0.377778
0.8
2.89231
1.9
0.954545
0.861111
2.76154
1.91026
1.23718
3.27778
0.727273
0.783333
3.70909
1.25758
3.65657
3
0.5
6.23016
1.96154
2.48718
3.06061
1.9697
1.5
3.36364
3.62179
2.51515
2.02797
1.45455
2.54545
3.01515
0.0272727
4.92857
2.63636
1.09091
2.97727
0.804196
0.25
3.78409
3.5
3.26667
3.55
0.9
2.80909
0.444444
0.86014
0.0192308
0.0769231
0.742424
1.08333
4.31111
0.309091
1.8
5
1.83333
2.89423
1.43077
1.68056
3.33333
1.15
0.727273
2.45455
0.628788
0.598291
0.853846
1.42727
0.336364
0.133333
2.875
1.42727
0.388889
3.1859
2.76154
0.222222
7.44444
2.97115
2.39773
3.48864
3.95833
5.32692
1.17778
3.70952
3.31313
8.26923
10.0584
3.025
2.97222
0.91453
1.14935
5.28182
2.97222
1.9625
2.86923
1.37662
0.535714
3.03896
0.8
2.89231
0.954545
0.861111
2.76154
1.91026
1.23718
3.27778
0.727273
0.783333
3.70909
1.4
1.25758
3.65657
3
0.5
6.23016
1.96154
2.48718
3.53333
3.36364
3.62179
2.51515
1.09091
1.45455
0.0272727
4.92857
2.63636
1.09091
2.97727
0.804196
0.25
1.25
3.78409
3.5
3.26667
3.55
0.9
2.80909
0.444444
3.21368
0.86014
0.0769231
0.742424
1.08333
4.31111
0.309091
2.84615
1.8
5
0.333333
1.83333
2.89423
1.43077
1.68056
3.33333
1.15
0.727273
2.45455
0.628788
0.598291
0.336364
2.875
1.42727
0.388889
3.1859
2.76154
0.222222
7.44444
3.95833
5.32692
1.17778
3.70952
3.31313
8.26923
10.0584
3.025
2.97222
0.91453
1.14935
5.28182
2.97222
1.9625
2.86923
0.535714
3.03896
3.59848
0.8
2.21678
2.89231
0.954545
0.301587
0.861111
2.76154
1.91026
1.23718
3.27778
0.727273
0.783333
3.70909
1.25758
3.65657
3
0.5
6.23016
1.96154
2.91667
2.48718
5.42424
7.45833
3.36364
3.62179
3.93846
2.51515
1.45455
0.0272727
4.92857
5
2.63636
1.09091
2.97727
0.804196
2.12308
0.321429
0.25
3.78409
3.5
3.26667
3.55
0.9
3.82222
2.80909
0.444444
0.86014
0.0769231
0.742424
1.08333
2.95
4.31111
0.309091
1.8
5
1.83333
2.08333
2.89423
1.43077
1.68056
3.33333
1.15
0.727273
2.45455
0.628788
0.598291
0.336364
2.71667
2.875
1.42727
0.388889
0.132867
3.1859
6.79487
2.76154
0.222222
7.44444
3.95833
5.32692
1.17778
3.70952
3.31313
8.26923
10.0584
1.94615
3.025
2.72222
2.97222
0.91453
1.14935
5.28182
1.75
2.97222
1.9625
2.86923
0.535714
3.03896
0.8
0.034965
2.89231
0.954545
0.0940171
0.861111
2.76154
1.91026
1.23718
3.27778
0.727273
0.783333
3.70909
1.25758
3.65657
3
0.5
6.23016
1.96154
2.48718
3.36364
0.113636
3.62179
2.51515
1.45455
0.0272727
2.92727
4.92857
2.63636
1.09091
2.97727
0.602273
0.804196
0.25
3.78409
3.5
3.26667
3.55
0.9
2.80909
0.444444
0.86014
0.0769231
0.742424
7.25
1.08333
4.31111
0.309091
2.27273
1.8
5
1.83333
2.89423
1.43077
1.68056
3.33333
1.15
0.727273
2.45455
0.628788
0.598291
0.336364
2.875
1.42727
0.388889
3.1859
2.76154
0.222222
7.44444
5.93333
2.97115
3.95833
2.07692
5.32692
1.17778
3.70952
3.31313
8.26923
10.0584
3.025
2.97222
0.91453
1.14935
0.594406
5.28182
2.97222
1.9625
2.31429
2.86923
0.535714
3.03896
0.8
2.89231
0.954545
0.861111
2.76154
1.91026
1.23718
4.35385
3.27778
0.727273
0.783333
3.70909
1.25758
3.65657
3
0.5
2.95238
6.23016
1.86905
1.96154
2.48718
3.36364
5.06364
3.62179
2.51515
1.45455
0.0272727
4.92857
2.63636
1.09091
2.97727
0.804196
0.25
3.78409
3.5
3.26667
3.55
1.3
0.9
2.80909
0.444444
0.86014
0.0769231
0.742424
1.08333
1.19444
4.31111
0.309091
1.8
5
1.83333
3.66667
2.89423
1.43077
2.21667
1.42222
1.68056
1.08333
2.16667
3.33333
1.15
0.727273
3.66667
2.45455
1.21429
4.9899
0.628788
0.598291
0.336364
2.875
1.42727
0.388889
0.461538
3.1859
0.452991
2.76154
0.222222
7.44444
3.95833
5.32692
0.868687
1.17778
3.70952
3.32168
0.325758
3.31313
8.26923
10.0584
9.96753
3.025
1.22222
2.97222
0.91453
1.30303
1.14935
5.28182
2.97222
1.9625
2.86923
0.535714
3.03896
0.8
2.89231
0.954545
0.861111
2.76154
2.75455
1.91026
1.23718
3.27778
0.727273
0.783333
3.70909
1.25758
3.65657
3
0.5
6.23016
1.96154
2.48718
3.36364
3.62179
2.51515
1.45455
0.0272727
4.92857
2.63636
6.07576
1.09091
0.509091
2.97727
0.804196
0.25
3.78409
3.5
3.26667
3.55
0.9
2.80909
0.924242
0.444444
0.86014
0.0769231
0.742424
2.61111
1.08333
4.31111
0.309091
1.8
5
1.83333
2.89423
1.43077
1.68056
3.33333
1.15
0.72028
0.727273
2.45455
0.628788
0.598291
0.336364
2.875
1.42727
0.388889
3.1859
2.76154
0.222222
7.44444
3.95833
5.32692
5.84615
1.17778
3.70952
3.31313
7.75
8.26923
10.0584
3.025
2.97222
1
0.91453
1.14935
5.28182
2.97222
1.9625
2.86923
0.535714
3.03896
0.8
2.89231
0.954545
0.861111
2.76154
1.91026
1.23718
3.27778
0.727273
0.783333
3.70909
1.25758
3.65657
3
0.5
6.23016
1.96154
2.48718
3.36364
3.62179
2.51515
1.43357
1.45455
0.0272727
4.92857
2.63636
3.81818
1.09091
2.97727
0.804196
0.25
2.60227
3.78409
3.5
3.26667
3.55
3.88182
0.9
2.80909
0.444444
0.86014
4.02564
0.0769231
0.742424
1.08333
4.31111
0.309091
1.8
5
1.83333
2.89423
1.43077
1.68056
0.339286
3.33333
3.63333
1.15
0.727273
2.45455
0.628788
0.598291
0.336364
2.875
0.175
1.72727
1.42727
0.388889
3.1859
0.288462
2.76154
0.222222
7.44444
3.95833
5.32692
1.17778
3.70952
3.31313
8.26923
10.0584
2.46364
3.025
2.97222
0.91453
0.191919
1.14935
5.28182
2.97222
1.9625
2.86923
0.535714
3.03896
0.8
2.89231
0.954545
0.861111
2.76154
1.91026
1.23718
5.06838
3.27778
0.727273
0.783333
3.70909
1.25758
3.65657
3.66667
3
0.5
6.23016
1.96154
6.375
4.64773
2.48718
3.36364
4.14935
3.62179
2.51515
1.45455
0.0272727
4.92857
2.63636
1.09091
2.97727
0.804196
0.25
3.78409
3.5
1.4
3.26667
3.55
0.9
2.80909
0.444444
0.86014
0.0769231
0.742424
1.08333
4.31111
0.309091
3.1
1.8
5
1.83333
2.89423
1.43077
1.68056
3.33333
8.51515
1.15
0.727273
2.45455
0.628788
0.598291
0.336364
2.875
1.42727
0.388889
3.1859
2.76154
6.08333
0.222222
7.44444
3.48864
3.95833
5.32692
1.17778
3.70952
3.31313
8.26923
10.0584
3.025
2.97222
0.444444
0.91453
0.363636
1.14935
0.1
5.28182
2.97222
1.9625
2.86923
0.535714
3.03896
0.8
2.89231
0.954545
0.861111
2.76154
1.91026
1.23718
3.27778
0.727273
0.783333
3.70909
1.25758
3.65657
3
0.5
6.23016
4.78571
1.96154
4.83333
2.48718
3.36364
3.62179
0.356643
2.51515
1.45455
0.0272727
4.92857
2.63636
1.09091
2.97727
0.804196
0.25
3.78409
3.5
3.26667
3.55
0.9
2.80909
0.444444
0.86014
0.0769231
0.742424
1.08333
4.31111
0.309091
1.8
5
1.94545
1.7
1.83333
2.89423
1.43077
1.68056
3.33333
1.15
0.727273
0.6
2.45455
0.628788
0.598291
0.765152
0.336364
2.875
1.42727
0.388889
3.1859
0.288462
2.76154
0.222222
7.44444
3.95833
5.32692
1.17778
3.70952
3.31313
8.26923
10.0584
3.025
2.97222
0.91453
1.14935
5.28182
2.97222
1.9625
2.86923
0.535714
3.03896
0.8
2.89231
0.954545
0.861111
2.76154
2.8
1.91026
1.23718
3.27778
0.727273
0.783333
3.70909
1.25758
3.65657
3
0.5
6.23016
1.96154
2.48718
3.36364
3.62179
2.51515
1.45455
0.0272727
0.941558
4.92857
2.63636
1.09091
2.97727
0.804196
0.137363
0.25
3.78409
2.06154
3.5
3.26667
3.55
0.9
2.80909
0.444444
0.86014
0.0769231
0.742424
1.08333
4.31111
2.18889
0.309091
1.8
5
1.83333
2.89423
1.43077
1.68056
3.33333
1.15
0.727273
2.45455
0.628788
0.598291
0.336364
2.875
7.92727
1.42727
0.388889
2.69841
3.1859
2.76154
0.222222
7.44444
3.95833
5.32692
1.17778
3.70952
3.31313
8.26923
10.0584
3.025
2.97222
0.91453
2.09091
1.14935
5.28182
2.97222
1.9625
2.86923
0.535714
3.03896
0.8
2.89231
0.954545
0.861111
2.76154
1.91026
1.23718
3.27778
0.727273
0.783333
0.674242
3.70909
3.13333
1.25758
3.65657
3
0.5
6.23016
1.96154
2.48718
3.36364
3.62179
2.51515
1.45455
0.0272727
4.92857
2.63636
1.09091
2.97727
2.58974
0.804196
0.25
3.78409
3.5
2.37778
3.26667
3.55
0.9
2.80909
0.444444
0.86014
0.0769231
0.633333
0.742424
1.08333
4.31111
1.51111
0.309091
2.46154
1.8
5
1.36923
1.83333
6.88889
2.89423
1.43077
1.68056
3.33333
1.15
0.727273
2.45455
0.628788
0.0909091
0.598291
0.336364
1.95833
2.875
1.42727
0.388889
3.1859
2.76154
8.5
0.222222
7.44444
3.95833
5.32692
3.97778
1.17778
3.70952
9.19091
3.31313
1.9
8.26923
10.0584
3.025
2.97222
0.91453
1.14935
5.28182
2.97222
1.9625
2.86923
0.535714
3.03896
0.8
2.89231
0.954545
0.861111
2.76154
1.91026
1.23718
3.27778
0.727273
0.783333
3.70909
1.25758
3.65657
0.111111
3.22222
3
2.32168
0.547009
0.5
6.23016
1.96154
2.48718
3.36364
3.62179
2.51515
1.69444
1.45455
5.59848
0.0272727
4.92857
2.63636
1.09091
2.97727
4.52727
0.804196
0.25
3.78409
3.5
3.26667
3.55
0.9
2.80909
0.444444
0.86014
1.16923
0.0769231
0.0641026
0.742424
3.61111
1.08333
4.31111
0.309091
0.25
1.8
5
1.83333
2.89423
1.43077
1.68056
3.33333
1.15
3.33333
0.727273
2.45455
0.628788
0.598291
0.336364
2.875
1.42727
0.388889
0.958042
3.1859
2.76154
0.307692
0.222222
7.44444
3.95833
5.32692
1.17778
3.70952
6.86014
3.31313
5.2
8.26923
10.0584
3.025
2.97222
0.91453
1.14935
5.28182
2.97222
1.9625
2.86923
0.535714
3.03896
0.8
3.35897
2.89231
0.954545
0.861111
2.76154
1.91026
1.23718
0.546154
3.27778
0.727273
0.783333
3.70909
1.25758
3.65657
4.61111
3
0.5
6.23016
6.28571
1.96154
2.48718
3.36364
0.405594
3.62179
2.51515
1.45455
0.0272727
4.92857
2.63636
1.09091
2.97727
0.804196
0.25
3.78409
3.5
3.26667
3.55
0.0545455
0.9
2.80909
0.444444
0.86014
7.41259
0.0769231
0.742424
1.08333
4.31111
0.309091
1.8
2.125
5
1.83333
2.89423
1.43077
1.68056
3.33333
1.15
0.727273
2.45455
0.628788
0.598291
0.336364
2.875
1.42727
0.388889
3.1859
3.13077
2.76154
0.222222
7.44444
3.95833
5.32692
1.17778
3.70952
3.31313
4.5
8.26923
10.0584
0.9
3.025
2.97222
1.2
0.91453
1.14935
2.99091
5.28182
2.97222
4.35417
1.9625
2.86923
0.535714
3.03896
0.8
2.89231
0.954545
0.861111
2.76154
1.91026
1.23718
3.27778
0.727273
6.73333
0.783333
3.70909
1.25758
1.59091
3.65657
3
0.5
6.23016
1.96154
2.48718
3.36364
3.62179
2.51515
1.45455
0.0272727
4.92857
2.63636
1.09091
2.97727
0.804196
0.25
3.78409
3.5
3.26667
3.55
0.9
2.80909
0.444444
0.86014
0.0769231
0.742424
1.08333
4.31111
0.309091
1.8
5
1.5
1.83333
2.89423
1.43077
1.68056
3.33333
1.15
0.727273
2.45455
0.628788
0.598291
0.336364
2.875
1.42727
0.388889
3.1859
2.76154
0.222222
7.44444
3.95833
5.32692
1.17778
3.70952
3.31313
8.26923
10.0584
3.025
8.05051
2.97222
0.91453
1.14935
5.28182
2.97222
1.9625
2.86923
0.535714
3.03896
2.33333
0.8
2.89231
0.954545
0.861111
2.76154
1.91026
1.23718
3.27778
0.727273
0.783333
3.70909
1.25758
3.65657
3
0.5
6.23016
1.96154
2.48718
3.36364
3.62179
2.51515
1.45455
0.0272727
4.92857
2.63636
1.09091
2.97727
0.804196
0.25
3.78409
3.5
3.26667
3.55
0.9
2.80909
0.444444
0.86014
0.0769231
0.742424
2.61111
1.08333
4.31111
0.309091
1.8
5
1.83333
2.89423
1.43077
0.575
1.68056
3.33333
1.15
0.727273
2.45455
0.628788
0.598291
0.336364
2.875
1.42727
0.388889
3.1859
2.76154
0.222222
7.44444
3.95833
5.32692
1.17778
3.70952
3.31313
5.49091
8.26923
10.0584
3.025
2.97222
1.97778
0.91453
1.14935
5.28182
2.97222
1.9625
2.86923
0.535714
3.03896
1.37778
0.8
2.05769
2.89231
0.954545
0.861111
2.76154
1.91026
1.23718
3.27778
0.727273
0.783333
3.70909
1.25758
3.65657
3
0.5
6.23016
1.96154
3
2.48718
3.36364
3.62179
2.51515
1.45455
0.0272727
4.92857
2.63636
4.65909
1.09091
2.97727
0.804196
0.25
3.78409
3.5
3.26667
3.55
0.138462
0.9
2.80909
0.444444
0.255556
0.86014
0.0769231
0.742424
1.08333
4.31111
0.309091
1.8
5
1.83333
2.89423
4.99145
1.43077
1.68056
3.33333
3.17273
1.15
0.727273
2.45455
0.628788
0.598291
0.336364
2.875
1.10577
1.42727
0.388889
3.1859
3.46154
2.76154
0.222222
7.44444
3.95833
5.32692
1.17778
3.70952
3.31313
8.26923
10.0584
3.025
2.97222
0.5
0.91453
1.14935
5.28182
2.97222
1.9625
6.85
2.86923
0.535714
3.03896
0.8
2.89231
0.954545
0.010101
0.861111
2.76154
4.13333
1.91026
1.23718
3.27778
0.727273
0.783333
3.70909
1.25758
3.65657
3
0.5
1.71212
6.23016
1.96154
2.48718
3.36364
3.62179
2.51515
1.45455
0.0272727
4.92857
2.63636
1.09091
2.97727
0.804196
0.25
3.78409
3.5
3.26667
3.55
0.9
2.80909
0.444444
0.86014
0.0769231
0.742424
1.08333
4.31111
0.309091
1.8
5
1.7
1.83333
2.89423
1.43077
1.68056
4.89423
0.339286
3.33333
1.15
0.727273
3.66667
2.45455
0.628788
0.598291
0.336364
2.875
1.42727
0.388889
3.1859
2.76154
0.222222
7.44444
2.58654
3.95833
5.32692
1.17778
3.70952
3.31313
5.05556
8.26923
3.71429
10.0584
3.025
2.97222
0.91453
0.191919
3.40559
1.14935
5.28182
2.97222
1.9625
2.86923
0.535714
3.03896
0.8
2.89231
0.954545
0.861111
2.76154
1.91026
1.23718
3.65385
3.27778
0.727273
0.783333
3.70909
3.45
1.25758
3.65657
3
0.5
6.23016
1.96154
2.48718
3.36364
3.62179
2.51515
1.45455
0.0272727
4.92857
2.63636
1.09091
2.97727
0.804196
0.25
3.78409
3.5
3.26667
3.55
0.9
2.80909
0.444444
0.86014
0.0769231
0.742424
1.41667
1.08333
4.31111
2.18889
0.309091
1.8
5
0.583333
1.83333
2.89423
3.54444
1.43077
1.68056
3.33333
1.15
0.727273
2.45455
0.628788
0.598291
0.336364
2.875
7.92727
1.42727
0.388889
3.1859
2.76154
0.222222
7.44444
3.95833
1.83217
5.32692
1.17778
3.70952
3.31313
8.26923
10.0584
2.53571
3.025
2.55556
2.97222
0.91453
1.14935
5.28182
2.97222
5.80519
1.9625
2.86923
0.535714
3.03896
0.8
1.69231
2.89231
0.954545
0.861111
2.76154
1.91026
1.23718
3.27778
0.727273
0.783333
3.70909
1.25758
9.09091
3.65657
3
0.5
6.23016
1.96154
2.48718
3.36364
3.62179
2.51515
1.45455
0.0272727
4.92857
2.63636
1.09091
2.97727
0.804196
0.25
3.78409
3.5
3.26667
3.55
0.9
2.80909
0.444444
0.86014
0.0769231
3.62626
0.742424
1.08333
2.70455
4.31111
0.309091
1.8
5
1.83333
2.89423
1.43077
1.68056
3.33333
1.15
0.727273
1.33333
2.45455
0.628788
0.598291
0.336364
2.875
1.42727
0.388889
2.13889
3.1859
2.76154
0.222222
7.44444
3.95833
5.32692
1.17778
3.70952
3.31313
8.26923
10.0584
3.025
0.877778
2.97222
4.81731
0.91453
1.14935
5.06667
5.28182
2.97222
1.9625
2.86923
0.535714
3.03896
2.6
0.8
2.89231
0.954545
0.861111
2.76154
1.91026
1.23718
3.27778
0.727273
0.783333
3.70909
1.25758
3.65657
3
2.32168
0.5
6.23016
1.96154
2.48718
1.5
3.36364
3.62179
2.51515
1.25
1.45455
0.0272727
4.92857
2.63636
1.09091
3.46429
2.97727
4.50505
0.804196
0.25
3.78409
3.5
3.26667
3.55
0.9
2.80909
0.444444
0.86014
0.0769231
0.0641026
0.742424
2.63333
1.08333
4.31111
0.805556
0.309091
5.07576
1.8
5
1.83333
2.89423
1.43077
1.68056
3.33333
1.15
0.727273
2.45455
5.74545
0.628788
0.598291
0.336364
3.475
2.875
1.42727
5.15556
0.388889
3.1859
2.76154
0.222222
7.44444
2.97115
3.95833
5.32692
1.17778
3.70952
3.31313
8.26923
10.0584
3.025
2.97222
2.44231
0.91453
1.14935
5.28182
2.97222
1.9625
2.86923
0.535714
3.03896
0.8
2.89231
0.954545
0.861111
2.76154
1.91026
1.23718
3.27778
0.727273
0.783333
5.83333
3.70909
1.86667
1.25758
3.65657
3
1.98077
0.5
6.23016
1.96154
2.48718
5.23333
3.36364
3.62179
2.51515
1.45455
1.9596
0.0272727
2.18182
6.16667
4.92857
2.63636
1.09091
2.97727
0.804196
0.25
3.78409
3.5
3.26667
3.55
0.9
0.0629371
2.80909
0.444444
0.86014
0.0769231
0.742424
1.08333
4.31111
0.309091
1.8
5
1.83333
2.89423
1.43077
1.68056
3.33333
1.15
0.727273
0.3
2.45455
0.628788
0.598291
4.18182
0.930769
0.336364
2.875
1.42727
0.388889
3.43077
3.1859
2.76154
0.222222
7.44444
3.95833
5.32692
1.17778
3.70952
3.81818
3.31313
8.26923
10.0584
3.025
0.313131
2.97222
0.91453
1.14935
5.28182
2.97222
1.9625
2.86923
0.535714
3.03896
0.8
2.89231
0.954545
0.861111
2.76154
1.91026
1.23718
3.27778
0.727273
0.783333
3.70909
1.25758
3.65657
3
0.5
6.23016
1.96154
2.48718
3.36364
7.0303
3.62179
2.51515
1.45455
0.0272727
4.92857
2.63636
1.09091
2.97727
0.804196
0.25
3.78409
3.5
0.4
3.26667
3.55
3.97273
0.9
2.80909
0.444444
0.86014
0.0769231
0.742424
1.08333
4.31111
0.309091
5.07576
1.8
5
1.83333
2.89423
1.43077
1.68056
3.33333
1.15
0.727273
1.33333
2.45455
0.628788
0.598291
0.336364
2.875
1.42727
0.388889
3.1859
2.76154
0.222222
7.44444
3.95833
5.32692
1.17778
3.55714
3.70952
3.31313
8.26923
2.53571
10.0584
10.8016
3.025
2.97222
0.91453
1.14935
5.28182
2.97222
1.9625
2.86923
0.535714
3.03896
0.8
2.89231
0.954545
0.861111
2.76154
1.91026
1.23718
3.27778
3.22222
0.727273
0.783333
3.70909
1.25758
3.65657
3
0.5
6.23016
1.96154
2.48718
1.5
3.36364
3.62179
2.51515
1.45455
2.54545
0.0272727
4.97727
4.92857
2.63636
1.09091
2.97727
5.50505
2.82727
0.804196
0.25
3.78409
3.5
3.26667
3.55
0.9
2.56667
2.80909
0.444444
0.86014
0.0769231
0.742424
1.08333
4.31111
0.309091
1.8
5
1.83333
2.89423
1.43077
1.68056
3.33333
1.15
0.727273
2.45455
0.628788
0.598291
1.42727
0.336364
2.71667
2.875
1.42727
0.388889
0.958042
0.132867
3.1859
2.76154
0.222222
7.5
7.44444
3.95833
5.32692
1.17778
3.70952
3.31313
8.26923
10.0584
3.025
2.97222
0.91453
1.14935
5.28182
2.97222
1.8125
1.9625
2.86923
0.535714
3.03896
0.416667
0.8
2.89231
0.954545
0.861111
2.76154
1.91026
1.23718
3.27778
0.727273
0.783333
3.70909
1.25758
3.65657
3
0.538462
0.5
6.23016
1.96154
2.48718
3.36364
3.62179
2.51515
1.45455
0.0272727
4.92857
2.63636
1.09091
2.97727
0.804196
0.25
3.78409
3.5
3.26667
3.55
0.9
2.80909
0.444444
0.86014
0.0769231
0.742424
1.08333
4.31111
0.309091
1.8
5
1.83333
2.89423
1.43077
1.68056
3.33333
1.15
0.727273
2.45455
0.628788
0.598291
0.336364
2.875
1.42727
0.388889
3.1859
2.76154
0.222222
7.44444
2.975
3.95833
5.32692
1.17778
3.70952
3.31313
8.26923
10.0584
3.025
2.97222
0.91453
1.14935
5.28182
2.97222
3.54762
1.9625
2.86923
0.535714
3.03896
0.8
2.89231
0.954545
0.861111
2.76154
1.91026
1.23718
3.27778
0.727273
0.783333
3.70909
1.25758
3.65657
2.83838
3
0.5
2.39744
6.23016
1.33117
1.96154
2.48718
3.36364
3.62179
2.51515
1.45455
0.0272727
4.92857
3.45455
2.63636
1.09091
2.97727
0.804196
0.25
3.78409
3.5
3.26667
1.6
3.55
0.9
2.80909
0.444444
0.86014
0.0769231
0.742424
1.08333
4.31111
0.309091
1.8
5
1.94545
1.83333
2.89423
1.43077
1.68056
3.33333
1.15
0.727273
0.6
2.45455
0.628788
0.598291
0.336364
2.71667
2.875
1.42727
0.388889
0.132867
3.1859
2.76154
0.222222
7.44444
3.95833
5.82692
5.32692
1.17778
3.70952
3.31313
8.26923
10.0584
3.025
2.97222
0.91453
1.14935
5.28182
2.97222
1.9625
2.86923
0.535714
3.03896
0.8
1.97436
2.89231
3.94444
0.954545
0.861111
2.76154
1.91026
1.23718
3.65385
3.27778
0.727273
0.783333
3.70909
1.25758
3.65657
3
0.5
6.23016
1.96154
2.48718
2.87879
3.36364
3.62179
2.51515
1.45455
0.0272727
2.92727
4.92857
2.63636
1.09091
2.97727
0.804196
0.25
3.78409
3.5
3.26667
3.55
3.97273
0.9
2.80909
0.444444
0.86014
0.0769231
3.75897
0.742424
1.08333
4.31111
0.309091
1.8
5
0.583333
1.83333
2.89423
1.43077
1.68056
3.33333
3.17273
1.15
0.335664
0.727273
2.45455
0.628788
0.598291
0.336364
2.875
1.42727
0.388889
3.1859
2.76154
0.222222
7.44444
3.95833
5.32692
1.17778
3.70952
3.31313
8.26923
2.53571
10.0584
3.025
2.97222
0.91453
1.14935
5.28182
2.97222
1.9625
2.86923
0.535714
3.03896
0.8
2.89231
0.954545
0.861111
2.76154
1.91026
1.23718
3.27778
3.94444
0.727273
0.783333
3.70909
0.590909
1.25758
3.65657
3
0.5
3.05556
6.23016
1.96154
2.48718
3.36364
3.59441
3.62179
2.51515
1.45455
0.0272727
4.92857
4.27273
2.63636
1.09091
2.97727
0.804196
0.25
3.16667
3.78409
3.5
3.26667
3.55
0.9
2.80909
0.444444
0.86014
0.0769231
0.742424
1.08333
4.31111
0.309091
1.8
5
1.83333
2.89423
1.43077
1.68056
3.33333
1.15
0.727273
2.45455
3.54545
0.628788
0.598291
4.18182
0.336364
2.875
1.66071
1.42727
0.388889
0.356643
3.1859
2.76154
3.33333
0.222222
7.44444
3.95833
5.32692
2.52222
1.17778
3.70952
3.31313
8.26923
0.857143
10.0584
3.025
2.97222
0.91453
3.38636
1.14935
5.28182
2.97222
1.9625
3.1
2.86923
0.535714
3.03896
0.8
2.89231
0.954545
0.861111
2.76154
3.14615
1.91026
1.23718
3.27778
0.727273
0.783333
3.70909
1.25758
3.65657
3
0.5
6.23016
1.96154
2.87179
2.48718
3.36364
3.62179
2.51515
1.45455
0.0272727
4.92857
2.63636
1.09091
2.97727
0.804196
0.25
3.78409
3.5
3.26667
3.55
0.9
1.725
2.80909
0.444444
0.86014
0.0769231
0.742424
1.08333
0.35
4.31111
0.309091
1.8
5.73333
5
1.83333
0.269231
2.89423
1.43077
1.68056
3.33333
1.15
5.34444
0.727273
2.45455
0.628788
0.246154
0.598291
0.336364
2.875
1.42727
0.388889
3.1859
2.76154
0.222222
3.25
7.44444
3.95833
5.32692
1.17778
3.70952
3.31313
8.26923
10.0584
3.025
2.97222
0.91453
1.14935
5.28182
2.97222
1.9625
2.86923
0.535714
3.03896
1.15
0.8
2.89231
0.954545
0.861111
2.76154
1.91026
1.23718
0.153846
3.27778
0.727273
0.783333
2.7803
3.70909
3.95
1.25758
3.65657
3
1.98077
0.5
1.61111
6.23016
1.96154
2.48718
4.44697
3.36364
3.62179
2.51515
1.45455
0.0272727
4.92857
2.63636
1.09091
1.95804
2.97727
0.804196
0.25
3.78409
3.5
3.26667
3.55
0.9
2.80909
0.444444
0.86014
0.0769231
0.742424
1.08333
4.31111
0.309091
0.873016
1.8
5
1.83333
0.266667
2.89423
1.43077
2.79167
1.68056
3.33333
1.15
0.727273
2.45455
1.76923
0.628788
0.598291
3.9
0.336364
4.78409
2.875
1.42727
0.388889
3.43077
3.1859
2.76154
8.5
0.222222
6.4
7.44444
3.95833
5.32692
3.27778
1.17778
3.70952
3.31313
8.26923
10.0584
3.025
2.97222
1.2
0.91453
1.14935
5.28182
2.97222
1.9625
1.4625
2.86923
0.535714
3.03896
1.3
0.8
2.89231
0.416667
0.954545
0.861111
2.76154
1.91026
1.23718
3.27778
0.727273
2.11189
4.9
0.783333
3.70909
1.25758
3.65657
3
0.5
6.23016
1.96154
2.48718
3.36364
3.62179
2.51515
1.45455
0.0272727
1.60606
4.92857
6.24242
2.63636
4.65909
1.09091
2.97727
0.804196
0.25
3.78409
3.5
2.525
3.26667
3.55
0.9
2.80909
0.444444
0.86014
1.30769
0.0769231
0.742424
1.08333
4.31111
0.309091
1.8
5
1.83333
2.89423
1.43077
1.68056
4.375
3.33333
3.17273
1.15
0.727273
2.45455
0.628788
0.598291
0.336364
2.875
1.42727
0.388889
6
3.1859
2.76154
0.222222
1.83333
7.44444
3.95833
2.63248
5.32692
1.17778
3.52778
3.70952
3.31313
8.26923
10.0584
4
3.025
0.622222
2.97222
0.91453
1.14935
5.28182
2.97222
1.9625
2.86923
0.535714
3.03896
0.8
2.89231
0.954545
0.861111
2.76154
1.91026
1.23718
3.27778
0.727273
0.783333
3.70909
1.25758
3.65657
3
0.5
6.23016
1.96154
2.48718
3.36364
3.62179
2.51515
0.681818
1.45455
0.0272727
4.92857
6.5
4.18182
2.63636
2.29371
1.09091
2.97727
0.804196
0.25
3.78409
3.5
3.26667
3.55
2.73333
0.9
2.80909
0.444444
0.86014
0.41958
0.0769231
0.742424
3.60256
1.08333
4.31111
0.309091
1.8
5
0.261905
1.83333
8.84848
2.89423
4.29091
1.43077
1.68056
3.33333
1.15
0.727273
2.45455
0.628788
0.721154
0.598291
0.336364
2.875
1.42727
0.388889
3.1859
2.76154
0.222222
7.44444
3.95833
5.32692
1.17778
3.70952
3.31313
8.26923
10.0584
3.025
2.97222
0.91453
1.14935
3.82857
5.4
5.28182
2.97222
1.9625
2.86923
0.535714
3.03896
0.8
2.89231
0.954545
0.861111
2.76154
1.91026
1.23718
3.27778
0.727273
0.783333
3.70909
1.25758
3.65657
2.49573
3
0.5
6.23016
1.96154
2.48718
7.45833
3.36364
3.62179
2.51515
1.45455
5.59848
0.0272727
4.92857
2.63636
1.09091
2.97727
0.804196
2.74359
1.67692
0.25
3.78409
3.5
1.32727
3.26667
2.2
3.55
0.9
2.80909
0.444444
0.86014
1.23776
0.0769231
0.742424
1.08333
4.31111
0.309091
1.8
5
1.83333
2.89423
1.43077
1.68056
3.33333
1.15
0.727273
2.45455
0.628788
1.79545
0.598291
1.37607
0.336364
3.1
2.875
1.42727
0.388889
3.1859
2.76154
0.222222
7.44444
3.95833
5.32692
1.17778
3.70952
3.31313
8.26923
10.0584
3.025
2.97222
2.75
0.91453
1.14935
5.28182
2.19444
2.97222
1.9625
2.86923
0.535714
3.03896
0.8
2.89231
0.954545
0.861111
2.76154
1.91026
1.23718
3.27778
4.22222
0.727273
0.783333
3.70909
1.25758
3.65657
3
0.5
2.16667
5.28571
6.23016
1.96154
2.48718
1.69697
3.36364
3.62179
2.51515
1.09091
1.45455
0.0272727
4.92857
6.24242
2.63636
1.09091
2.97727
0.804196
0.25
3.78409
2.06154
3.5
3.26667
3.55
2.73333
0.872727
0.9
2.80909
0.444444
0.86014
0.0769231
0.742424
1.08333
4.31111
0.309091
1.8
5
1.83333
2.89423
4.96923
1.43077
1.68056
3.33333
1.15
0.727273
2.45455
0.628788
0.598291
0.336364
2.875
0.175
1.42727
0.388889
3.1859
0.288462
2.76154
0.222222
7.44444
3.95833
5.32692
1.17778
3.70952
3.31313
8.26923
10.0584
1.17692
3.025
2.97222
0.91453
1.14935
5.28182
2.97222
1.9625
2.86923
0.535714
3.03896
0.8
2.89231
0.954545
0.861111
2.76154
1.91026
1.23718
3.27778
0.727273
0.783333
3.70909
1.25758
3.65657
3
0.5
6.23016
1.96154
2.48718
3.36364
3.62179
2.51515
1.09091
1.45455
0.0272727
4.92857
6.24242
2.63636
1.09091
2.97727
0.804196
0.25
3.78409
3.5
0.3
3.26667
3.55
0.9
6.00909
2.80909
0.444444
0.86014
0.0769231
0.742424
1.08333
4.31111
0.309091
1.8
5
1.83333
2.89423
1.43077
1.68056
3.33333
1.15
0.727273
2.45455
0.628788
0.598291
0.336364
2.875
1.42727
0.388889
0.818182
6.33077
3.13077
3.1859
2.76154
0.222222
7.44444
3.95833
5.32692
1.17778
3.70952
3.31313
8.26923
10.0584
1.37273
3.025
2.97222
0.91453
1.14935
5.28182
2.97222
1.8125
1.9625
2.86923
0.535714
3.03896
0.8
2.89231
0.954545
0.861111
2.76154
1.91026
1.23718
3.27778
6.49495
0.727273
0.783333
3.70909
1.86667
1.25758
3.65657
3
6.07576
0.5
6.23016
1.96154
2.48718
3.36364
3.62179
4.46703
2.51515
1.45455
0.0272727
4.08333
4.92857
2.63636
1.09091
2.97727
0.776923
0.804196
0.25
3.78409
3.5
3.26667
3.55
0.9
2.80909
0.444444
0.86014
0.0769231
0.742424
1.08333
4.31111
0.309091
1.8
5
1.83333
2.89423
1.43077
1.68056
3.33333
1.15
0.727273
2.45455
0.628788
0.598291
0.336364
2.875
1.42727
7.47727
0.388889
3.1859
2.76154
0.222222
7.44444
3.95833
5.32692
1.17778
3.70952
3.31313
8.26923
0.285714
10.0584
3.025
3.07778
2.97222
0.91453
1.14935
5.28182
2.97222
1.9625
2.86923
0.535714
3.03896
0.8
2.89231
0.954545
0.861111
2.76154
1.91026
3.19697
1.23718
3.27778
0.727273
0.783333
3.70909
1.25758
3.65657
6.44444
3
0.5
6.23016
1.96154
2.48718
3.36364
3.62179
0.272727
2.51515
1.45455
0.0272727
4.92857
2.63636
0.313131
1.09091
2.97727
0.804196
0.25
3.78409
3.5
3.26667
3.55
0.9
2.80909
0.444444
0.86014
0.0769231
0.742424
1.08333
4.31111
0.309091
1.8
5
1.83333
2.89423
1.43077
1.68056
3.33333
1.08333
1.15
0.727273
2.45455
0.628788
0.598291
0.336364
2.875
1.42727
0.388889
3.1859
2.76154
0.222222
7.44444
3.95833
5.32692
1.17778
3.70952
3.31313
8.26923
10.0584
3.025
2.97222
0.91453
1.14935
5.28182
0.0227273
2.97222
1.9625
2.86923
1.71429
0.535714
3.03896
0.8
2.89231
0.954545
0.861111
2.55128
2.76154
1.91026
1.23718
3.27778
0.727273
0.783333
3.70909
1.25758
3.65657
3
0.5
6.23016
1.96154
2.48718
3.36364
3.62179
2.51515
1.45455
0.0272727
4.92857
2.63636
1.09091
2.97727
0.804196
0.25
4.25
3.78409
3.5
3.26667
3.55
0.9
0.35
2.80909
0.444444
0.86014
0.0769231
0.742424
1.08333
4.31111
0.309091
1.8
5
1.83333
2.58333
2.89423
1.43077
1.68056
3.33333
1.15
0.727273
2.45455
5.04545
0.628788
0.754545
0.598291
4.91282
2.18182
0.336364
2.875
2.81061
1.42727
0.388889
3.1859
2.76154
0.222222
7.44444
3.95833
5.32692
1.17778
1.80159
3.70952
3.31313
8.26923
10.0584
3.025
2.97222
0.91453
1.14935
5.28182
2.97222
6.98701
1.9625
2.86923
0.535714
3.03896
1.06154
0.8
2.89231
0.954545
0.861111
2.76154
1.91026
1.23718
3.27778
0.727273
0.783333
3.70909
1.25758
3.65657
3
0.5
6.23016
1.96154
2.48718
3.36364
3.62179
2.51515
1.45455
0.0272727
4.92857
2.63636
1.09091
2.25974
2.97727
0.804196
0.25
3.78409
3.5
2.36923
3.26667
3.55
0.9
2.80909
0.444444
0.86014
0.0769231
0.432692
0.742424
1.08333
4.31111
0.309091
1.8
5
1.83333
2.38462
2.89423
7.3
1.43077
1.68056
4.375
3.33333
1.15
0.727273
2.45455
0.628788
0.598291
1.24545
0.336364
2.875
1.42727
0.388889
3.1859
2.76154
0.222222
6.4
5.25
7.44444
4.14286
3.95833
2.63248
5.32692
1.17778
3.70952
3.31313
8.26923
10.0584
3.025
2.97222
0.91453
1.14935
5.28182
2.97222
1.9625
2.86923
4.93651
0.535714
0.262626
3.03896
0.538462
0.8
2.89231
0.954545
0.861111
2.76154
1.91026
1.23718
3.27778
0.727273
0.783333
3.70909
1.25758
3.65657
3
0.5
6.23016
1.96154
2.48718
3.36364
3.62179
2.51515
1.45455
0.0272727
4.92857
2.63636
1.09091
4.25758
2.97727
0.804196
0.25
3.78409
3.5
0.2
3.26667
3.55
0.9
2.80909
0.444444
0.86014
0.0769231
0.742424
1.08333
4.31111
1.51111
0.309091
3.32576
1.8
2.45455
5
1.83333
3.12121
2.89423
1.43077
1.68056
3.33333
1.15
1.38182
0.727273
2.45455
0.628788
0.598291
0.336364
2.875
1.42727
3.55556
0.388889
3.1859
2.76154
0.222222
7.44444
3.58333
3.95833
5.32692
3.97778
1.17778
3.70952
3.31313
8.26923
10.0584
3.025
2.97222
0.91453
1.14935
5.28182
2.97222
1.9625
2.86923
0.535714
3.03896
4.5
0.8
2.89231
0.954545
3
0.861111
2.76154
1.91026
1.23718
3.27778
0.727273
0.783333
3.70909
1.25758
3.65657
3
0.5
6.23016
1.96154
2.48718
3.36364
3.62179
2.51515
1.45455
0.0272727
4.92857
2.63636
1.09091
5.04762
2.97727
0.804196
0.25
3.78409
3.5
3.26667
3.55
0.9
2.80909
0.444444
0.86014
3.26923
0.0769231
0.742424
1.08333
4.31111
0.309091
5.07576
1.8
5
0.575758
1.83333
2.89423
1.43077
1.68056
3.33333
1.08333
1.15
0.727273
2.45455
0.628788
0.598291
0.336364
2.875
1.42727
0.388889
3.1859
2.76154
0.222222
7.44444
3.95833
5.32692
1.17778
3.70952
3.31313
8.26923
10.0584
2.93333
3.025
2.97222
0.91453
1.14935
5.28182
2.97222
1.9625
2.86923
1.71429
0.535714
3.03896
0.8
2.89231
0.954545
1.19444
0.861111
2.61538
2.76154
2.75455
1.91026
1.23718
3.27778
0.727273
0.783333
0.0166667
3.70909
1.25758
3.65657
3
0.5
6.23016
1.96154
2.48718
3.36364
3.62179
2.51515
1.45455
0.0272727
4.92857
5
2.63636
1.09091
2.97727
2.82727
0.804196
1.67692
0.321429
0.25
3.78409
3.5
3.26667
3.55
0.9
2.80909
0.444444
0.86014
0.0769231
0.742424
1.08333
4.31111
0.309091
1.8
4.12727
5
1.83333
2.89423
1.43077
1.68056
3.33333
1.15
0.72028
0.727273
2.45455
0.628788
0.598291
0.336364
2.875
1.42727
7.47727
0.388889
3.1859
2.76154
0.222222
7.44444
3.95833
5.32692
5.44444
1.17778
3.70952
3.31313
8.26923
10.0584
3.025
3.07778
2.97222
0.91453
1.14935
5.28182
2.97222
1.9625
2.86923
0.535714
3.03896
1.6
0.8
2.89231
0.954545
0.861111
2.76154
0.209091
1.91026
1.23718
3.48718
3.27778
0.727273
0.783333
3.70909
1.25758
3.65657
3
0.5
6.23016
1.96154
2.48718
3.36364
3.62179
2.51515
1.45455
0.0272727
4.92857
2.63636
1.09091
2.97727
0.804196
0.25
3.78409
3.5
3.26667
3.55
0.9
2.80909
0.444444
0.86014
0.0769231
3.29487
0.742424
1.16667
1.08333
4.31111
0.309091
1.8
2.45455
5
1.83333
2.89423
1.43077
1.68056
3.33333
1.15
1.38182
0.727273
3.23485
2.45455
0.628788
0.598291
0.336364
2.875
1.42727
0.388889
1.43077
0.776224
3.1859
2.76154
0.222222
7.44444
3.95833
5.32692
1.17778
3.70952
3.31313
8.26923
10.0584
3.025
2.97222
0.91453
1.14935
5.28182
2.97222
1.9625
2.86923
0.535714
3.03896
0.8
2.89231
0.954545
0.861111
2.76154
1.91026
1.23718
3.27778
0.727273
0.783333
3.70909
1.25758
3.65657
3
0.5
6.23016
1.96154
2.48718
3.36364
3.62179
2.51515
1.45455
0.718182
0.0272727
1.4965
4.92857
2.63636
1.09091
2.97727
0.804196
0.25
3.78409
3.5
3.26667
3.55
0.9
2.80909
0.444444
0.86014
0.0769231
0.742424
1.08333
4.31111
0.309091
1.8
5
1.83333
2.89423
1.43077
1.68056
3.33333
1.15
0.727273
2.45455
0.628788
0.598291
0.336364
2.875
1.42727
0.388889
3.1859
2.76154
0.222222
7.44444
3.95833
5.32692
1.17778
3.70952
3.31313
8.26923
10.0584
3.025
2.97222
2.89231
0.91453
1.14935
5.28182
3.31667
2.97222
0.210227
1.9625
1.4
2.86923
0.535714
3.03896
0.8
2.89231
0.954545
0.861111
2.76154
1.91026
1.23718
3.27778
0.727273
0.783333
3.70909
1.25758
3.65657
3
2.13077
2.32168
0.5
6.23016
1.96154
2.48718
3.36364
3.62179
2.51515
1.45455
0.0272727
4.92857
2.63636
1.09091
2.97727
0.804196
0.25
3.78409
3.5
3.26667
3.55
0.9
3.67832
2.80909
3
0.444444
0.86014
0.0769231
0.0641026
0.933333
0.742424
1.08333
4.31111
0.309091
1.8
5
1.83333
3.96667
2.89423
1.43077
1.68056
3.33333
8.60606
1.15
0.727273
2.45455
0.628788
0.598291
0.336364
2.875
7.22727
1.42727
0.388889
3.1859
2.76154
0.222222
7.44444
3.95833
5.32692
1.17778
3.70952
3.31313
8.26923
10.0584
3.025
2.97222
0.91453
1.14935
5.28182
2.97222
1.9625
2.86923
0.535714
3.03896
0.8
2.89231
0.954545
0.861111
2.76154
1.91026
1.23718
3.27778
0.727273
0.783333
3.70909
1.25758
3.65657
3
0.5
6.23016
1.96154
2.48718
3.36364
3.62179
2.51515
1.45455
0.0272727
1.60606
0.872727
4.92857
2.63636
1.09091
2.97727
0.804196
0.25
3.78409
3.5
3.26667
3.55
0.9
2.80909
0.444444
3.30556
0.86014
0.0769231
0.742424
1.08333
4.31111
0.309091
2.76623
1.8
4.1
5
1.83333
2.89423
1.43077
1.68056
3.33333
1.15
0.727273
2.45455
0.628788
0.598291
0.336364
0.875
2.875
1.42727
0.388889
3.1859
2.76154
0.222222
7.44444
3.95833
5.32692
1.17778
3.70952
3.31313
8.26923
10.0584
3.025
2.97222
0.91453
1.14935
5.28182
2.97222
1.9625
2.86923
0.535714
3.03896
0.8
2.89231
0.954545
1.17094
0.861111
2.76154
1.91026
1.23718
3.27778
0.727273
0.783333
3.70909
1.25758
3.65657
3
0.5
6.23016
1.96154
2.48718
3.36364
3.62179
2.51515
1.45455
0.0272727
4.92857
2.63636
1.09091
2.97727
4.52727
0.804196
0.25
3.78409
3.5
3.26667
0.854545
4.38333
3.55
0.9
2.46667
2.80909
0.444444
0.86014
0.0769231
0.742424
1.08333
4.31111
7.07071
0.309091
0.25
1.8
5
0.261905
1.83333
2.89423
1.43077
1.68056
3.33333
1.15
0.727273
1.66667
2.45455
5.75
0.628788
0.598291
0.336364
0.420455
2.875
1.42727
0.388889
3.1859
2.76154
0.222222
7.44444
3.95833
5.32692
1.17778
3.70952
3.31313
8.26923
10.0584
3.025
2.97222
0.230769
0.91453
1.14935
6.1
5.28182
2.97222
1.10714
1.9625
2.86923
0.535714
1.0404
3.03896
0.8
2.89231
0.954545
0.861111
2.76154
1.91026
1.23718
3.27778
0.727273
0.783333
3.70909
1.25758
3.65657
3
0.5
6.23016
1.96154
2.48718
3.36364
3.62179
2.78846
2.51515
1.45455
1.95105
0.0272727
4.92857
2.63636
1.09091
2.97727
0.804196
0.321429
0.25
3.78409
3.5
3.26667
3.55
0.9
2.80909
3.50758
0.444444
0.86014
0.0769231
0.742424
1.08333
4.31111
0.309091
1.8
5
1.35
1.36923
3.18571
1.83333
2.89423
0.912088
1.92727
1.43077
1.68056
1.57955
3.33333
1.15
0.727273
2.55556
2.45455
0.628788
0.598291
0.336364
3.475
2.875
2.89423
1.66071
1.42727
0.388889
3.13077
3.1859
2.76154
0.222222
7.44444
3.95833
5.32692
1.17778
3.52778
3.70952
3.31313
8.25
8.26923
10.0584
1.87778
3.025
2.97222
1.91667
0.91453
2.96364
3.38636
1.14935
5.28182
2.97222
6.25275
1.9625
2.86923
1.36905
0.535714
1.05682
3.03896
0.8
2.21678
2.89231
0.954545
0.861111
2.76154
1.91026
1.63333
1.23718
3.27778
0.727273
0.783333
3.70909
1.25758
3.65657
3
0.5
6.23016
1.96154
2.48718
3.36364
3.62179
2.51515
1.45455
2.54545
0.0272727
4.92857
2.63636
1.09091
2.97727
0.804196
0.25
0.85
3.78409
3.5
3.43333
3.26667
3.55
0.9
2.80909
0.444444
0.86014
0.0769231
0.742424
1.08333
4.31111
0.309091
1.8
5
1.83333
2.89423
1.43077
1.68056
3.33333
1.15
0.727273
2.45455
0.628788
0.598291
1.42727
0.336364
2.875
1.42727
0.388889
3.1859
2.76154
0.222222
7.44444
2.975
3.95833
5.32692
1.17778
3.70952
3.31313
8.26923
10.0584
3.025
2.97222
1
0.91453
1.14935
5.37273
5.28182
2.97222
1.9625
2.86923
0.535714
3.03896
0.8
2.89231
0.954545
0.861111
2.76154
1.91026
1.23718
3.27778
0.727273
0.783333
3.70909
1.25758
3.65657
3
0.5
6.23016
1.96154
2.48718
3.36364
3.62179
2.51515
1.45455
0.0272727
4.92857
2.63636
2.29371
1.09091
2.97727
0.804196
0.25
3.78409
3.5
3.26667
3.55
0.9
2.80909
0.444444
0.86014
0.41958
0.0769231
0.742424
1.08333
4.31111
0.309091
1.8
5
1.83333
2.89423
1.43077
1.68056
3.33333
1.15
0.727273
2.45455
0.628788
0.598291
0.336364
2.875
1.42727
0.388889
3.1859
2.76154
0.222222
7.44444
3.95833
5.32692
1.17778
3.70952
5.54444
3.31313
8.26923
10.0584
3.025
2.97222
0.91453
1.14935
5.28182
2.97222
1.9625
2.86923
0.535714
3.03896
0.8
2.89231
0.954545
0.861111
2.76154
1.91026
1.23718
3.82051
3.27778
0.727273
0.783333
3.70909
1.25758
3.65657
3
0.5
6.23016
1.96154
2.48718
3.36364
3.62179
2.51515
1.45455
0.0272727
2.28283
4.92857
2.63636
1.09091
2.97727
0.804196
0.25
3.78409
3.5
2.36923
0.683333
3.26667
3.55
0.9
2.80909
1.10909
0.444444
0.86014
0.0769231
0.742424
3.61111
1.08333
6
4.31111
0.309091
0.1
1.8
5
1.83333
2.89423
7.3
1.43077
0.575
1.68056
2.325
3.33333
1.15
0.727273
2.45455
0.628788
0.598291
0.336364
0.922222
4.20833
2.875
1.42727
0.388889
3.1859
2.76154
0.222222
7.44444
3.95833
5.32692
1.17778
3.70952
2.72727
3.31313
8.26923
10.0584
3.025
0.877778
2.97222
4.81731
0.91453
1.14935
5.28182
2.15
2.97222
1.9625
2.86923
6.8961
0.535714
3.03896
0.8
0.00769231
2.24786
2.89231
1.5
0.954545
0.861111
2.76154
1.91026
1.23718
3.27778
0.727273
0.783333
3.70909
1.25758
3.65657
3.96825
3
0.5
6.23016
1.96154
2.48718
3.36364
3.62179
2.51515
1.45455
0.0272727
4.92857
4.27273
2.63636
1.09091
2.97727
0.804196
0.25
3.78409
3.5
3.26667
3.55
0.9
2.80909
0.444444
0.86014
0.0769231
0.742424
1.08333
4.31111
0.309091
1.8
5
1.83333
2.89423
1.43077
1.68056
3.33333
1.15
0.727273
2.45455
0.628788
0.598291
0.336364
2.875
1.42727
0.388889
3.1859
2.76154
0.222222
7.44444
3.95833
5.32692
1.17778
3.70952
3.31313
8.26923
0.857143
10.0584
3.025
2.97222
0.91453
1.14935
5.28182
2.97222
1.9625
2.86923
0.535714
2.72727
3.03896
0.8
2.89231
0.954545
0.861111
2.76154
1.91026
1.23718
3.27778
0.727273
0.783333
3.70909
1.52727
1.25758
3.65657
3
0.5
6.23016
1.96154
2.48718
3.36364
3.62179
2.51515
1.45455
0.0272727
4.92857
2.63636
1.09091
2.97727
2.98601
0.804196
0.25
3.78409
3.5
6.01667
3.26667
3.55
0.9
1.15
2.80909
0.444444
0.86014
0.0769231
0.742424
0.933333
1.08333
4.31111
0.309091
1.8
5
1.83333
2.89423
1.43077
1.68056
2.325
3.33333
1.15
0.727273
2.45455
0.628788
0.598291
0.336364
2.875
1.42727
0.388889
6.33077
3.1859
2.76154
0.222222
7.44444
3.95833
5.32692
1.17778
3.70952
3.31313
8.26923
10.0584
3.025
2.97222
0.91453
1.14935
5.28182
2.97222
2.15341
1.9625
2.86923
0.535714
3.03896
0.8
2.24786
2.89231
1.5
0.954545
0.861111
2.76154
1.91026
1.23718
3.27778
0.727273
0.783333
3.70909
1.25758
3.65657
0.666667
3
0.5
6.23016
1.96154
2.48718
3.36364
3.62179
2.51515
1.45455
0.0272727
4.92857
2.63636
1.09091
2.97727
0.804196
0.25
3.78409
3.5
3.26667
3.55
0.9
2.80909
0.444444
0.86014
0.0769231
0.742424
1.08333
4.31111
0.309091
1.8
5
1.83333
2.89423
1.43077
1.68056
3.33333
1.15
0.727273
2.45455
0.628788
1.79545
2.39161
0.598291
0.336364
2.875
1.42727
0.388889
3.1859
2.76154
0.222222
7.44444
3.95833
5.32692
1.17778
3.70952
3.31313
4.31313
8.26923
4.78571
10.0584
3.025
2.97222
0.0854701
0.91453
1.14935
5.28182
2.97222
1.9625
2.86923
0.630952
0.535714
3.03896
0.8
2.89231
0.954545
0.861111
2.76154
1.91026
1.23718
3.27778
0.727273
0.783333
3.70909
1.25758
9.18182
3.65657
3
0.5
6.23016
3.03571
1.96154
2.48718
3.36364
3.62179
2.51515
1.45455
0.0272727
4.92857
2.63636
1.09091
2.97727
0.804196
0.25
3.78409
3.5
3.43333
3.26667
6.74444
3.55
0.9
0.816667
2.80909
0.444444
0.86014
0.0769231
0.742424
1.08333
4.31111
0.309091
1.8
5
1.83333
2.08333
2.89423
1.43077
2.54167
1.68056
1.57955
3.33333
2.25
1.15
0.727273
2.45455
0.628788
0.598291
0.336364
1.92222
2.875
1.42727
0.388889
3.1859
2.76154
0.222222
7.44444
2.975
3.95833
5.32692
1.17778
3.70952
3.31313
8.26923
0.380952
10.0584
3.025
2.72222
2.97222
0.91453
1.14935
5.28182
2.97222
1.9625
2.86923
0.535714
3.03896
0.8
2.89231
0.954545
0.944444
0.861111
2.76154
1.91026
1.23718
3.27778
0.727273
0.783333
3.70909
1.25758
3.65657
3
0.5
6.23016
1.96154
2.48718
3.36364
3.62179
2.51515
1.45455
1.63636
5.59848
0.0272727
4.92857
2.63636
1.09091
2.97727
0.804196
4.67308
0.25
3.78409
3.5
3.26667
2.2
3.55
0.9
2.80909
0.444444
0.86014
0.0769231
0.742424
1.08333
4.31111
0.309091
1.8
6.06667
5
1.83333
2.89423
1.43077
1.68056
3.33333
1.15
0.909091
0.727273
2.45455
0.628788
0.598291
0.336364
2.60227
2.875
1.42727
0.388889
0.958042
3.1859
2.76154
0.222222
7.44444
3.95833
5.32692
1.17778
3.70952
3.62937
3.31313
8.26923
10.0584
3.025
2.97222
0.91453
1.14935
5.28182
2.97222
1.9625
2.86923
0.535714
3.03896
0.8
2.89231
4.72222
0.954545
0.861111
1.13462
2.76154
2.57273
1.91026
1.23718
3.27778
0.727273
0.783333
3.70909
1.25758
4.20909
3.65657
1.22222
3
4.35577
0.5
6.23016
1.96154
2.48718
3.36364
3.62179
2.51515
1.64336
1.45455
1.9596
0.0272727
4.92857
2.63636
1.09091
2.97727
0.804196
2.74359
0.25
3.78409
3.5
1.32727
3.26667
3.55
0.9
2.80909
2.14444
0.444444
0.86014
0.0769231
0.742424
1.08333
4.31111
0.309091
1.8
5
1.83333
2.89423
1.43077
1.68056
3.33333
1.15
5.34444
0.727273
2.45455
0.628788
3.59615
0.598291
0.336364
2.875
1.42727
0.388889
3.1859
2.76154
0.222222
7.44444
0.6
3.95833
5.32692
3.27692
1.17778
3.70952
3.31313
8.26923
10.0584
1.66923
3.025
2.97222
0.91453
1.14935
5.28182
2.97222
1.9625
2.86923
0.535714
3.03896
0.8
4.94231
2.89231
0.954545
0.861111
2.76154
1.91026
1.23718
3.27778
0.727273
0.783333
3.70909
1.25758
3.65657
3
0.5
6.23016
1.96154
2.40909
2.48718
3.36364
2.90909
3.62179
4.73427
2.51515
0.038961
1.45455
0.0272727
4.92857
2.63636
4.32576
1.09091
2.97727
0.804196
0.25
2
3.33654
3.78409
4.375
3.5
3.26667
3.55
0.9
2.80909
0.444444
0.86014
0.0769231
0.742424
1.08333
4.31111
0.309091
1.8
5
1.7
1.83333
2.89423
1.43077
1.68056
3.33333
1.15
0.727273
2
2.45455
0.628788
0.598291
4.91282
0.681818
0.336364
2.875
1.42727
0.388889
3.1859
6.06154
2.76154
0.222222
7.44444
3.95833
5.32692
1.29121
1.17778
1.80159
3.70952
3.31313
8.26923
1.70238
10.0584
3.025
2.97222
0.91453
2.88636
1.14935
5.28182
2.15
2.97222
1.9625
2.86923
0.535714
3.03896
0.8
2.89231
0.954545
0.861111
2.76154
1.91026
1.23718
3.27778
0.727273
0.783333
3.70909
1.25758
3.65657
3
0.5
6.23016
1.96154
2.48718
3.36364
3.62179
2.51515
1.45455
0.0272727
4.92857
2.63636
1.09091
2.97727
0.804196
4.69231
0.25
3.78409
0.430556
0.8
3.5
3.26667
3.55
0.9
2.80909
0.444444
0.86014
0.0769231
0.742424
1.08333
4.31111
0.309091
1.8
5
1.83333
2.89423
1.43077
1.68056
3.33333
1.15
0.727273
2.45455
0.628788
2.75524
0.598291
0.336364
2.875
1.42727
0.388889
3.1859
2.76154
0.222222
7.44444
3.95833
5.32692
1.17778
3.70952
3.31313
2.77273
8.26923
10.0584
3.025
2.97222
0.91453
2.06364
1.14935
5.28182
2.97222
1.9625
2.86923
0.535714
3.03896
0.8
2.89231
0.954545
0.861111
2.76154
1.91026
1.23718
3.27778
0.727273
0.783333
3.70909
1.25758
3.65657
3
0.5
6.23016
1.96154
2.48718
3.36364
3.62179
2.51515
1.45455
0.0272727
4.92857
2.63636
1.09091
2.97727
0.804196
0.25
3.78409
3.5
3.26667
3.55
0.9
2.80909
0.444444
0.86014
0.0769231
1.75214
0.742424
1.08333
4.31111
0.309091
1.8
5
1.83333
2.89423
1.43077
1.68056
3.33333
1.15
0.727273
2.45455
0.628788
0.598291
0.336364
2.875
1.42727
0.388889
3.1859
2.76154
0.222222
5.61538
7.44444
3.95833
5.32692
1.17778
3.70952
3.31313
8.26923
10.0584
3.025
2.97222
0.527778
0.91453
1.14935
5.28182
2.97222
1.9625
2.86923
4.03571
0.535714
3.03896
0.8
5.46154
2.89231
2.5
0.954545
0.861111
2.76154
1.91026
1.23718
0.401709
3.27778
0.727273
0.783333
3.70909
1.25758
3.65657
3
0.5
6.23016
1.96154
2.48718
3.36364
3.62179
2.51515
1.45455
0.0272727
4.92857
2.63636
1.09091
2.97727
0.804196
0.25
3.78409
3.5
3.26667
3.55
0.9
2.80909
0.444444
0.86014
0.0769231
0.742424
1.08333
4.31111
0.309091
1.8
5
1.83333
2.08333
2.89423
1.43077
1.68056
3.33333
1.15
0.727273
2.45455
0.628788
0.598291
0.336364
2.875
1.42727
0.388889
3.1859
2.76154
0.222222
7.44444
3.95833
5.32692
1.17778
3.70952
3.31313
8.26923
10.0584
3.025
2.97222
0.91453
1.14935
5.28182
2.97222
1.9625
2.86923
0.535714
3.03896
1.15
0.8
2.89231
0.954545
0.861111
2.76154
1.91026
1.23718
3.27778
0.727273
0.783333
3.70909
1.25758
3.65657
3
0.5
6.23016
1.96154
0.944444
2.48718
4.44697
3.36364
3.62179
4.53846
2.51515
1.45455
0.0272727
4.92857
2.63636
1.09091
2.97727
0.804196
0.25
2.875
3.78409
3.5
3.26667
3.55
0.9
2.80909
0.444444
0.86014
0.0769231
0.742424
1.08333
4.31111
0.309091
1.8
5
1.83333
2.89423
1.43077
1.68056
3.33333
0.0666667
1.15
0.727273
2.45455
5.25
0.628788
0.754545
2.30769
0.598291
0.336364
2.875
2.81061
1.42727
0.388889
3.1859
2.76154
0.222222
7.44444
3.95833
2.53147
5.32692
1.17778
0.0277778
3.70952
3.31313
8.26923
10.0584
3.025
2.97222
0.91453
1.14935
5.28182
2.97222
1.9625
2.86923
0.535714
3.03896
0.8
2.89231
0.954545
0.861111
2.76154
0.209091
1.91026
0.366667
1.23718
3.48718
3.27778
0.727273
1.49359
0.783333
3.70909
1.25758
3.65657
3
0.5
6.23016
1.96154
2.48718
3.36364
3.62179
2.51515
1.45455
0.0272727
4.92857
2.63636
1.09091
2.97727
0.804196
0.25
3.78409
3.5
3.26667
3.55
7.5
0.9
2.80909
0.444444
0.86014
3.26923
7.5035
0.0769231
3.29487
0.742424
1.16667
1.08333
0.361111
4.31111
0.309091
1.8
5
1.35
0.575758
1.83333
8.93939
2.89423
1.43077
1.68056
0.894231
3.33333
1.15
0.727273
2.45455
0.628788
0.598291
0.336364
2.875
6.89394
1.42727
0.388889
3.1859
2.76154
0.222222
5.25
7.44444
4.14286
3.95833
5.32692
1.17778
3.70952
3.31313
8.26923
1.69481
0.714286
10.0584
3.025
2.97222
0.91453
1.14935
5.28182
2.97222
1.9625
3.65556
2.86923
4.93651
0.535714
0.262626
3.03896
0.8
2.89231
0.954545
0.861111
2.76154
1.91026
2.28788
1.23718
3.27778
0.727273
3.18881
0.783333
3.70909
1.25758
3.65657
3
0.5
6.23016
0.5
1.96154
2.48718
5.08333
3.36364
3.62179
2.51515
1.45455
0.0272727
4.92857
2.63636
1.09091
5.57343
2.97727
0.804196
0.25
3.78409
3.5
0.3
3.26667
3.55
0.9
2.80909
0.444444
0.86014
0.0769231
2.15152
0.742424
1.08333
4.31111
0.309091
1.8
0.6
5
1.83333
2.89423
1.43077
1.68056
3.33333
3.17273
1.15
1.1049
0.727273
2.45455
0.628788
0.598291
0.336364
2.875
1.42727
0.388889
3.1859
2.76154
0.222222
7.44444
3.95833
5.32692
1.17778
3.70952
3.31313
8.26923
10.0584
3.025
2.97222
0.91453
1.14935
5.28182
2.97222
5.1625
1.9625
2.86923
0.535714
3.03896
0.4
0.8
2.89231
0.954545
0.861111
2.76154
0.55
1.91026
1.23718
3.27778
2.77778
0.727273
0.783333
3.70909
1.25758
3.65657
3
0.5
6.23016
3.86905
1.96154
2.48718
3.36364
5.98291
3.62179
2.51515
2.34848
1.45455
0.0272727
4.92857
3.25
2.63636
1.09091
5.18881
2.97727
0.804196
0.25
0.25
3.78409
3.5
3.26667
3.55
0.9
2.15909
2.80909
0.444444
0.86014
0.0769231
0.742424
1.08333
6.01923
4.31111
0.309091
1.57143
1.8
3.36364
5
1.83333
2.89423
0.352564
1.43077
1.68056
3.33333
1.15
0.727273
2.45455
0.628788
0.598291
1.9
0.336364
2.875
1.42727
0.222222
0.388889
3.1859
2.76154
0.222222
7.44444
3.95833
5.32692
1.17778
3.70952
6.18182
3.31313
1.16667
8.26923
10.0584
3.025
2.97222
0.91453
1.14935
5.28182
2.15
2.97222
1.9625
2.86923
6.8961
0.535714
3.03896
0.8
2.89231
0.954545
1.68056
0.861111
2.76154
1.91026
1.23718
3.27778
0.727273
0.783333
3.70909
1.25758
2.82576
3.65657
4.0202
3
0.5
6.23016
1.96154
2.48718
3.36364
3.62179
2.51515
1.45455
0.0272727
4.92857
2.63636
1.09091
2.97727
0.804196
0.25
3.42045
3.78409
3.5
3.26667
3.55
0.9
2.80909
0.444444
0.86014
0.0769231
0.742424
1.08333
4.31111
0.309091
1.8
5
1.83333
2.89423
1.43077
1.68056
3.33333
6.55556
1.15
0.727273
2.45455
5.76923
4.71212
0.628788
0.598291
0.336364
2.875
1.42727
0.388889
3.1859
2.76154
3
0.222222
7.44444
3.95833
5.32692
1.17778
3.70952
3.31313
4.95455
8.26923
10.0584
3.025
2.97222
0.91453
1.14935
5.28182
2.97222
1.9625
2.86923
0.535714
3.03896
0.8
2.89231
0.954545
0.861111
2.76154
1.91026
1.23718
0.546154
3.09615
3.27778
0.727273
0.783333
3.70909
1.25758
3.65657
3
0.5
6.23016
1.96154
2.48718
3.36364
3.62179
2.51515
1.45455
0.0272727
6.44444
4.92857
2.63636
1.09091
1.35354
2.97727
0.804196
0.25
3.78409
3.5
3.26667
3.55
0.9
2.80909
0.444444
0.86014
0.0769231
0.742424
1.08333
4.31111
0.309091
1.8
5
0.85
1.83333
3.12121
2.89423
1.43077
1.68056
3.33333
1.15
0.727273
2.45455
0.628788
1.84615
0.598291
0.336364
2.875
1.42727
0.388889
3.1859
4.54487
2.76154
0.211538
0.222222
7.44444
1.93333
3.95833
0.99359
0.523077
5.32692
2.27778
1.17778
1.80159
3.70952
3.31313
1.16667
8.26923
10.0584
3.025
2.97222
0.91453
1.14935
5.28182
2.97222
1.9625
2.86923
3.45238
0.535714
3.03896
0.8
5.46154
2.89231
4
4.25
0.954545
0.861111
2.76154
1.91026
1.23718
3.27778
0.727273
0.783333
3.70909
1.25758
3.65657
3
0.5
6.23016
1.96154
2.48718
3.36364
3.62179
2.51515
1.45455
0.0272727
4.92857
2.63636
1.09091
2.97727
0.804196
0.25
3.78409
3.5
3.26667
3.55
0.9
2.80909
0.444444
0.86014
0.0769231
0.742424
1.08333
4.31111
1.34343
0.309091
1.8
5
1.83333
2.89423
3.1
1.43077
1.68056
1.57955
3.33333
1.15
0.727273
2.55556
2.45455
0.628788
0.598291
0.336364
2.875
4.625
1.42727
0.388889
3.1859
2.76154
0.222222
7.44444
3.95833
5.32692
1.17778
3.70952
3.31313
8.26923
10.0584
3.025
4.52778
2.97222
0.91453
1.14935
5.28182
2.97222
1.9625
2.86923
0.535714
3.03896
0.8
2.89231
4.7
0.954545
0.861111
2.76154
1.91026
1.23718
3.27778
0.727273
0.783333
0.674242
3.70909
1.25758
9.09091
3.65657
3
0.5
6.23016
1.96154
2.48718
3.36364
3.62179
2.51515
1.45455
0.0272727
4.92857
2.63636
1.09091
2.97727
0.804196
0.25
3.78409
3.5
3.26667
3.55
0.9
2.80909
0.444444
0.86014
0.0769231
0.742424
1.08333
4.31111
0.309091
1.8
5
1.83333
2.89423
1.43077
1.68056
3.33333
1.15
0.727273
2.45455
0.628788
0.598291
0.336364
2.875
1.42727
0.388889
3.1859
2.76154
0.222222
7.44444
3.95833
5.32692
1.17778
3.70952
3.31313
8.26923
10.0584
3.025
2.97222
0.91453
1.14935
5.06667
5.28182
2.97222
1.9625
2.86923
0.535714
3.03896
0.8
2.89231
0.954545
0.861111
2.76154
1.91026
2.60256
1.23718
3.27778
0.727273
0.783333
3.70909
1.25758
3.65657
3
0.5
6.23016
1.96154
2.48718
7.45833
3.36364
3.62179
2.51515
1.45455
0.0272727
4.92857
2.63636
1.09091
2.97727
0.804196
0.25
3.78409
3.5
3.26667
3.55
0.9
2.80909
0.444444
0.86014
0.0769231
0.742424
1.08333
4.31111
0.309091
2.9881
1.8
5
1.83333
2.89423
2.12308
1.43077
1.68056
3.33333
1.15
0.727273
2.45455
0.628788
0.598291
0.336364
2.875
1.42727
0.388889
3.1859
2.76154
0.222222
7.44444
3.95833
5.32692
1.17778
3.70952
3.31313
8.26923
10.0584
3.025
2.97222
0.91453
1.14935
5.28182
1.75
2.97222
1.9625
2.86923
0.535714
3.03896
0.8
2.89231
0.954545
0.861111
2.76154
1.91026
1.23718
3.27778
0.727273
0.783333
0.483333
3.70909
1.25758
3.65657
3
0.5
6.23016
1.96154
2.48718
3.36364
3.62179
2.51515
1.45455
0.0272727
4.92857
2.63636
1.09091
2.97727
0.804196
0.25
3.78409
3.5
3.26667
3.55
0.9
2.80909
0.444444
0.86014
0.0769231
0.234848
0.742424
1.08333
4.31111
0.309091
1.8
5
1.83333
2.89423
1.43077
1.68056
3.33333
1.15
0.727273
2.45455
0.628788
0.598291
5.01282
0.681818
0.336364
2.875
1.42727
0.388889
3.1859
2.76154
0.222222
7.44444
3.95833
5.32692
1.17778
3.70952
3.31313
8.26923
10.0584
3.025
0.3
2.97222
0.91453
1.14935
5.28182
2.97222
2.2625
1.9625
2.86923
0.535714
3.03896
0.0909091
3.525
0.8
2.89231
0.954545
0.861111
2.76154
1.91026
1.23718
3.27778
0.727273
0.783333
3.70909
1.25758
3.65657
3
0.5
6.23016
1.96154
2.48718
3.36364
2.80808
3.62179
2.51515
1.45455
0.0272727
4.92857
2.63636
1.09091
2.97727
0.804196
0.25
3.78409
3.5
3.26667
3.55
0.9
2.80909
0.444444
0.86014
0.0769231
0.742424
1.08333
4.31111
0.309091
1.8
5
1.83333
2.89423
1.43077
1.125
1.68056
3.33333
1.15
0.727273
2.45455
0.628788
0.598291
0.336364
2.875
1.42727
2.05556
0.388889
3.1859
2.76154
0.222222
7.44444
0.6
3.95833
5.32692
1.17778
3.70952
3.31313
8.26923
10.0584
3.025
2.97222
0.91453
1.14935
5.28182
2.97222
1.9625
2.86923
0.535714
3.03896
0.8
2.89231
0.954545
0.861111
2.76154
1.91026
0.0833333
1.23718
3.82051
3.27778
0.727273
0.783333
3.70909
1.25758
3.65657
3
1.63077
0.5
6.23016
1.96154
2.48718
3.36364
3.62179
2.51515
1.45455
0.0272727
4.92857
2.63636
1.09091
2.97727
2.82727
0.804196
0.25
3.78409
3.5
3.26667
3.55
0.9
2.80909
0.444444
0.86014
0.0769231
0.742424
2.25
1.08333
4.31111
0.309091
1.2987
1.8
5
1.83333
2.89423
1.43077
1.68056
3.33333
1.15
0.727273
2.55556
2.45455
0.628788
0.598291
0.336364
2.875
1.42727
0.388889
3.1859
2.76154
0.222222
7.44444
3.95833
5.32692
1.17778
3.70952
3.81818
3.31313
8.26923
10.0584
3.025
2.97222
0.91453
1.14935
5.28182
2.97222
1.9625
2.86923
0.535714
3.03896
2.16923
0.8
2.89231
0.954545
0.861111
2.76154
1.91026
1.23718
3.27778
0.727273
0.783333
3.70909
1.25758
2.29091
3.65657
4.61111
1.51111
3
0.5
6.23016
1.96154
2.48718
3.36364
3.62179
2.51515
1.45455
0.0272727
4.92857
2.63636
1.09091
2.97727
0.804196
0.25
3.78409
3.5
3.26667
3.55
0.0545455
0.9
2.80909
0.444444
0.86014
0.0769231
0.742424
1.08333
2.95
3.27778
4.31111
2.45455
3.40909
0.309091
1.8
5
1.83333
2.89423
1.39744
1.43077
1.68056
3.33333
1.15
0.727273
2.45455
0.628788
0.598291
0.336364
2.875
1.42727
0.388889
3.1859
6.79487
2.76154
0.222222
7.44444
3.95833
5.32692
1.17778
3.70952
3.31313
8.26923
10.0584
3.025
2.97222
0.91453
1.14935
5.28182
2.97222
1.9625
2.86923
0.535714
3.03896
0.8
2.89231
0.954545
0.861111
2.76154
2.1
1.91026
1.23718
3.27778
0.727273
0.783333
3.70909
1.25758
3.65657
0.365079
3
0.5
6.23016
1.96154
2.48718
3.36364
3.62179
2.51515
1.45455
0.0272727
4.92857
2.63636
1.09091
1.35354
2.97727
0.804196
0.25
3.78409
3.5
3.26667
3.55
2.38333
0.9
2.80909
0.444444
0.86014
0.0769231
0.742424
1.08333
4.31111
0.309091
2.46154
1.8
5
1.83333
6.88889
2.89423
1.43077
1.68056
3.33333
1.15
0.727273
0.272727
2.45455
1.79545
0.628788
1.84615
0.598291
3.45
0.336364
2.875
1.42727
0.388889
3.1859
2.76154
8.5
0.222222
7.44444
3.95833
5.32692
1.17778
3.70952
3.31313
8.26923
10.0584
3.025
2.97222
0.91453
1.14935
5.28182
2.97222
1.9625
2.86923
0.535714
3.03896
0.8
2.89231
0.954545
0.861111
2.76154
1.91026
1.23718
3.27778
0.727273
0.783333
3.70909
1.25758
3.65657
3
0.5
6.23016
1.96154
2.48718
3.36364
3.62179
2.51515
1.45455
0.0272727
4.92857
2.63636
1.09091
2.97727
0.804196
0.25
3.78409
3.5
3.26667
3.55
0.9
2.80909
0.444444
0.86014
0.0769231
0.742424
1.08333
2.95
4.31111
0.309091
1.8
5
1.83333
2.08333
2.89423
1.43077
1.68056
3.33333
1.15
5.34444
0.727273
1.33333
2.45455
0.628788
3.59615
0.598291
0.336364
2.875
1.42727
5.15556
0.388889
3.1859
2.76154
0.222222
7.44444
3.95833
5.32692
1.17778
3.70952
3.31313
8.26923
10.0584
3.025
2.72222
2.97222
10.2727
0.91453
1.14935
5.28182
2.97222
1.9625
2.86923
0.535714
3.03896
0.8
2.89231
0.954545
0.861111
2.76154
1.91026
3.66667
1.23718
1.51282
3.27778
0.727273
0.783333
0.0166667
3.70909
1.25758
3.65657
3
3.25
0.5
6.23016
1.96154
2.91667
6.81944
2.48718
3.36364
3.62179
2.51515
1.45455
0.0272727
0.941558
4.92857
2.63636
1.09091
2.97727
0.804196
0.25
4.25
3.78409
3.5
3.26667
3.55
0.9
2.80909
0.444444
0.86014
0.0769231
2.44231
0.742424
1.08333
4.31111
0.309091
1.8
5
1.83333
2.89423
1.43077
1.68056
3.33333
3.51538
1.15
0.727273
2.45455
0.628788
0.598291
0.336364
0.922222
2.875
1.42727
0.388889
3.1859
2.76154
0.222222
7.44444
2.20192
3.95833
5.32692
1.17778
3.70952
1.5
2.72727
3.31313
8.26923
10.0584
3.025
2.97222
0.91453
1.14935
5.28182
2.97222
1.9625
2.86923
0.535714
3.03896
1.6
0.8
2.89231
0.954545
0.0940171
0.861111
2.76154
1.91026
1.23718
3.27778
0.727273
6.06061
0.783333
3.70909
3.45
1.25758
3.65657
3
1.63077
0.5
6.23016
1.96154
2.48718
3.36364
3.62179
2.81818
2.51515
1.45455
0.0272727
4.92857
2.63636
1.09091
2.97727
0.804196
0.25
9.52273
3.78409
3.5
1.37778
3.26667
3.55
0.9
2.80909
0.444444
0.86014
0.0769231
0.742424
1.08333
4.31111
0.309091
3.07143
1.8
5
1.83333
2.89423
4.21368
1.43077
1.68056
3.33333
1.15
0.727273
2.45455
0.628788
0.598291
0.336364
2.875
1.42727
0.388889
3.1859
2.76154
0.222222
7.44444
3.95833
1.83217
5.32692
1.17778
0.0277778
3.70952
3.31313
8.26923
0.785714
10.0584
3.025
2.97222
5.79231
0.91453
1.14935
5.28182
2.97222
1.9625
2.86923
1.68571
0.535714
3.03896
2.16923
0.8
2.89231
0.954545
0.861111
2.76154
1.91026
1.23718
3.27778
0.727273
0.783333
3.70909
1.25758
3.65657
3
0.5
6.23016
1.96154
4.56667
2.48718
3.36364
0.386364
3.62179
2.51515
1.45455
0.0272727
4.92857
4.18182
2.63636
1.09091
2.97727
0.804196
4.17308
2.12308
0.25
3.78409
3.5
3.26667
3.55
0.9
2.80909
0.444444
1.76923
0.86014
0.0769231
0.742424
1.08333
4.31111
0.309091
1.8
5
1.36923
1.83333
2.89423
1.43077
1.68056
3.33333
1.15
0.727273
2.45455
0.628788
0.598291
0.336364
2.875
1.42727
0.388889
3.1859
3.46154
2.76154
0.222222
7.44444
3.95833
0.34965
5.32692
3.27692
1.17778
1.1044
3.70952
3.31313
1.9
8.26923
10.0584
3.025
2.97222
0.91453
1.14935
3.82857
5.28182
2.97222
1.9625
2.86923
0.535714
3.03896
0.8
0.034965
4.94231
2.89231
0.954545
0.861111
2.76154
1.91026
1.23718
3.27778
1.02778
0.727273
0.783333
2.26282
3.70909
1.25758
0.825758
3.65657
4.52778
3
0.5
6.23016
1.96154
5.53333
2.48718
3.36364
3.62179
2.51515
0.681818
1.45455
0.0272727
4.92857
2.63636
1.09091
2.97727
0.804196
1.67692
0.25
3.78409
3.5
3.26667
3.55
0.9
2.80909
0.444444
0.86014
0.0769231
0.742424
1.08333
4.31111
0.309091
2.9881
1.8
4.12727
5
1.83333
2.89423
1.43077
1.68056
3.33333
1.15
0.727273
1.40404
2.45455
0.628788
0.598291
0.336364
2.875
1.42727
0.388889
3.1859
2.76154
0.222222
7.44444
4.01667
2.58654
3.95833
5.32692
1.17778
3.70952
3.31313
8.26923
10.0584
3.025
2.97222
0.237762
0.91453
1.14935
5.28182
2.97222
1.8125
1.9625
2.86923
2.78571
0.535714
3.03896
0.8
0.00769231
2.89231
0.954545
0.861111
2.76154
1.91026
1.23718
3.27778
0.727273
0.783333
3.70909
1.25758
3.65657
3
0.5
2.16667
6.23016
1.96154
2.48718
3.36364
3.62179
2.51515
1.45455
0.959596
0.0272727
4.92857
1.54545
2.63636
1.09091
2.97727
0.804196
1.47863
0.25
3.78409
3.5
3.26667
3.55
0.9
2.80909
1.22222
0.444444
0.86014
3.51923
0.0769231
0.742424
1.08333
4.31111
0.309091
1.8
5
1.83333
2.89423
1.43077
0.602273
1.68056
3.33333
1.15
0.727273
2.45455
0.628788
0.598291
0.336364
2.875
1.42727
0.388889
3.1859
2.76154
0.222222
7.44444
3.95833
5.32692
1.17778
3.70952
3.31313
8.26923
10.0584
3.025
0.313131
2.97222
0.41958
0.91453
1.14935
5.28182
2.97222
1.9625
2.86923
0.535714
3.03896
0.8
2.89231
2.42857
0.954545
0.861111
2.76154
1.91026
1.23718
3.27778
0.727273
0.783333
3.70909
1.25758
3.65657
3
0.5
6.23016
1.96154
2.48718
3.36364
3.62179
2.51515
1.45455
0.0272727
4.92857
2.63636
1.09091
2.97727
0.804196
0.25
3.78409
3.5
3.26667
3.55
0.9
2.80909
0.444444
0.86014
0.0769231
0.742424
1.08333
4.31111
0.309091
2.11688
1.8
5
1.83333
2.89423
1.43077
2.42222
1.68056
3.33333
1.15
0.727273
2.45455
1.21429
0.628788
0.598291
0.336364
2.875
1.42727
0.388889
3.1859
0.452991
2.76154
3
0.222222
2.18182
7.44444
3.95833
5.32692
1.17778
3.70952
0.325758
3.31313
8.26923
10.0584
3.025
2.97222
0.91453
1.14935
3.32222
5.28182
2.97222
1.9625
2.86923
0.535714
3.03896
0.8
2.89231
0.954545
0.861111
2.76154
1.91026
1.23718
3.27778
0.727273
4.22727
0.783333
3.70909
1.25758
7.13131
3.65657
3
0.615385
0.5
6.23016
1.96154
2.48718
3.36364
3.62179
2.51515
1.45455
0.0272727
4.92857
2.63636
1.09091
2.97727
0.804196
0.25
3.78409
1.75
3.5
3.26667
3.55
2.6
0.9
2.80909
0.444444
0.86014
0.0769231
0.742424
1.08333
4.31111
0.309091
3.32576
1.8
2.45455
5
1.83333
0.86014
2.89423
1.43077
1.68056
3.33333
1.15
1.38182
0.727273
2.45455
0.628788
0.598291
0.336364
2.875
1.42727
0.388889
3.1859
5.35577
2.76154
8.16667
0.222222
7.44444
3.95833
5.32692
1.17778
3.70952
1.35
3.31313
8.26923
10.0584
3.025
2.97222
0.91453
1.14935
5.28182
2.97222
1.9625
2.86923
0.535714
3.03896
0.8
2.89231
0.954545
0.861111
2.76154
1.91026
1.23718
3.27778
0.727273
0.783333
3.70909
1.25758
3.65657
3
0.5
6.23016
1.96154
2.48718
3.36364
3.62179
2.51515
1.45455
0.0272727
4.92857
2.63636
1.09091
2.97727
0.804196
0.25
3.78409
3.5
3.26667
3.55
0.9
2.80909
0.444444
0.86014
0.0769231
0.742424
1.29167
1.08333
4.31111
0.309091
1.8
5
1.83333
2.89423
0.352564
1.43077
1.68056
3.33333
1.15
0.727273
2.45455
0.628788
0.598291
2.18182
0.336364
2.875
1.42727
0.388889
3.1859
2.76154
0.222222
7.44444
3.95833
5.32692
1.17778
3.70952
3.31313
8.26923
10.0584
0.990909
3.025
2.97222
0.91453
1.14935
5.28182
2.97222
1.9625
2.86923
0.535714
3.03896
0.8
2.89231
2.5
0.954545
1.68056
0.861111
2.76154
4.13333
1.91026
1.23718
3.27778
0.727273
0.783333
3.70909
1.25758
3.65657
3
0.5
6.23016
1.96154
2.48718
3.06061
3.36364
0.113636
3.62179
2.51515
2.02797
1.45455
3.01515
0.0272727
4.92857
2.63636
1.09091
4.25758
2.50758
2.97727
0.804196
0.25
3.78409
5.94167
3.5
3.26667
0.385714
0.169231
3.55
0.9
2.80909
3
0.444444
0.86014
0.0769231
0.933333
0.742424
1.08333
4.31111
0.309091
1.8
5
1.83333
2.89423
1.43077
1.68056
3.33333
8.60606
1.15
0.727273
2.45455
0.628788
0.598291
0.336364
2.875
1.42727
2.27273
0.388889
2.13889
3.1859
2.76154
0.222222
7.44444
2.97115
2.39773
3.95833
2.07692
5.32692
1.17778
1.55195
3.70952
3.31313
8.26923
4.78571
10.0584
3.025
2.97222
0.91453
4.0303
3.69697
1.14935
0.594406
5.28182
0.711538
2.97222
0.0144231
1.9625
0.566667
2.31429
2.86923
0.535714
3.03896
0.8
2.89231
0.954545
2.61111
0.861111
2.76154
1.91026
1.23718
3.27778
0.727273
0.783333
2.26282
3.70909
1.25758
0.825758
2.29091
3.65657
3.57265
1.51111
3
1.63077
0.5
6.23016
4.71429
2.04545
1.96154
0.1
5.53333
2.48718
3.36364
3.62179
2.51515
1.45455
1.9596
2.18182
0.0272727
4.92857
2.63636
1.09091
2.97727
0.804196
0.25
3.78409
0.430556
3.5
3.26667
3.55
0.9
2.80909
0.444444
0.86014
1.14744
0.0769231
0.742424
1.08333
3.27778
4.31111
2.45455
2.37063
0.309091
1.8
5
1.83333
2.89423
1.43077
1.68056
3.33333
1.15
0.727273
2.45455
2.63636
0.628788
2.75524
0.598291
0.336364
2.875
1.42727
0.388889
3.1859
2.76154
0.222222
7.44444
3.95833
5.32692
1.17778
3.70952
3.31313
8.26923
10.0584
3.025
2.97222
10.1818
0.91453
1.14935
5.28182
2.97222
1.9625
2.86923
0.535714
3.03896
0.8
2.89231
0.954545
0.861111
2.76154
1.91026
1.23718
3.27778
0.727273
0.783333
3.70909
1.25758
3.65657
3
0.5
6.23016
3.03571
1.96154
0.375
2.48718
3.36364
3.62179
0.238462
2.51515
1.45455
0.0272727
5.47727
4.92857
2.63636
1.09091
2.97727
0.804196
1.67692
2.82692
0.25
3.78409
3.5
3.26667
3.55
0.9
2.80909
0.444444
0.86014
0.0769231
0.742424
1.08333
4.31111
0.309091
1.8
4.12727
5
6.15
1.83333
1.30769
2.89423
1.43077
1.68056
3.33333
1.15
0.727273
2.45455
2.7
0.628788
0.598291
0.336364
2.575
2.875
4.81061
1.42727
0.388889
3.1859
3.00699
2.76154
0.222222
7.44444
3.95833
5.32692
1.17778
3.70952
3.31313
8.26923
10.0584
3.025
0.949495
1.82222
2.97222
2.44231
0.91453
1.14935
5.28182
2.97222
1.9625
2.86923
3.73016
0.535714
3.03896
0.8
3.35897
2.89231
0.954545
0.861111
2.76154
1.91026
2.67949
1.23718
3.27778
0.676768
0.727273
0.783333
3.70909
1.25758
3.65657
6.44444
3
0.5
6.23016
1.96154
3.25641
2.48718
3.36364
3.62179
6.73846
0.272727
2.51515
1.45455
0.0272727
4.92857
2.63636
1.09091
2.97727
0.804196
0.25
3.78409
3.5
3.26667
3.55
0.9
2.80909
0.444444
0.86014
0.0769231
0.742424
1.08333
1.19444
4.31111
0.309091
1.8
5
1.83333
2.89423
1.43077
1.68056
3.33333
1.15
0.727273
1.33333
2.45455
0.628788
0.598291
0.336364
2.875
1.10577
1.42727
0.388889
3.1859
2.76154
0.222222
7.44444
3.95833
5.32692
1.17778
3.70952
3.31313
8.26923
10.0584
3.025
2.97222
1.91667
1.2
0.91453
1.14935
5.28182
2.97222
1.9625
6.85
2.86923
0.535714
3.03896
0.8
2.89231
3
0.954545
0.861111
2.76154
1.91026
1.23718
3.27778
0.727273
0.783333
3.70909
1.25758
3.65657
2.49573
3
0.5
6.23016
1.96154
2.48718
3.36364
3.62179
2.51515
1.45455
0.0272727
4.92857
2.63636
1.09091
2.97727
0.804196
0.25
3.78409
3.5
3.26667
3.55
0.9
2.80909
0.444444
0.86014
1.23776
0.0769231
0.742424
1.08333
4.31111
0.309091
1.8
5
1.83333
2.89423
1.43077
1.68056
3.33333
1.15
0.727273
1.40404
2.45455
0.628788
0.598291
0.336364
2.875
1.42727
2.05556
0.388889
3.1859
2.76154
0.222222
7.44444
3.95833
5.32692
1.47778
1.17778
3.70952
3.31313
8.26923
10.0584
3.025
2.97222
0.237762
0.91453
1.14935
5.28182
2.97222
1.9625
2.86923
0.535714
3.03896
0.8
2.89231
0.954545
0.861111
2.76154
1.91026
1.23718
3.27778
0.727273
0.783333
1.87121
3.70909
1.25758
3.65657
3
0.5
6.23016
1.96154
2.48718
3.36364
3.62179
2.51515
1.45455
0.0272727
4.92857
2.63636
1.09091
2.97727
0.804196
0.25
3.78409
3.5
1.4
0.2
3.26667
3.55
0.9
2.80909
0.444444
0.86014
0.0769231
0.742424
1.08333
4.31111
0.309091
3.1
1.8
0.6
5
1.83333
2.89423
1.43077
1.68056
3.33333
1.15
3.38182
0.727273
2.45455
0.628788
0.598291
0.336364
2.875
1.42727
0.388889
3.1859
2.76154
8.16667
0.222222
7.44444
3.95833
5.32692
1.17778
3.70952
3.31313
8.26923
10.0584
3.025
2.97222
4.45455
0.91453
1.14935
5.28182
2.97222
1.9625
2.86923
0.535714
3.03896
0.4
0.8
2.89231
0.954545
0.861111
2.76154
1.91026
1.23718
3.27778
0.727273
0.783333
3.70909
1.25758
3.65657
3
0.5
3.25758
6.23016
1.96154
2.48718
3.36364
3.62179
2.51515
1.45455
0.0272727
4.92857
2.63636
1.09091
2.97727
0.804196
1.37762
0.25
3.78409
5.94167
3.5
3.26667
3.55
3.55
0.9
2.80909
0.444444
1.89744
0.86014
0.0769231
0.742424
1.08333
4.31111
0.309091
1.8
5
1.83333
2.89423
1.43077
1.42222
1.68056
3.33333
1.15
0.727273
0.272727
2.45455
0.628788
0.598291
0.336364
2.875
1.42727
0.388889
3.1859
2.76154
0.222222
7.44444
3.95833
5.32692
1.13889
1.17778
3.70952
3.32168
3.31313
8.26923
4.26923
10.0584
3.025
0.8
2.97222
1
4.45455
0.91453
1.14935
0.836364
5.28182
2.97222
1.9625
2.86923
0.535714
0.535714
3.03896
0.8
2.89231
2.5
0.954545
0.861111
2.76154
1.91026
3.66667
1.23718
3.27778
0.138889
0.727273
4.47727
0.783333
3.70909
1.25758
3.65657
3
0.5
6.23016
0.5
1.96154
3.25
2.48718
3.36364
3.62179
2.51515
1.45455
0.0272727
4.92857
2.63636
1.09091
2.97727
0.804196
0.25
3.78409
3.5
3.26667
3.55
0.9
2.80909
0.444444
0.86014
0.0769231
0.742424
4.19697
1.08333
4.31111
3.61111
0.309091
1.8
0.1
5
2.53333
1.83333
2.89423
1.43077
1.68056
3.33333
4.9
2.43846
1.15
0.727273
2.45455
4.04545
0.628788
0.598291
3.79091
0.336364
2.875
1.42727
0.388889
3.1859
2.76154
2.26154
0.222222
7.44444
2.20192
3.95833
5.32692
1.17778
3.70952
3.31313
8.26923
10.0584
3.025
2.97222
0.91453
1.14935
5.28182
2.97222
0.2625
1.9625
2.86923
0.535714
3.03896
0.8
2.39231
2.89231
0.954545
0.861111
2.76154
1.91026
1.23718
3.27778
0.727273
0.783333
3.70909
1.25758
3.65657
4.86111
3
0.5
6.23016
1.96154
2.48718
7.45833
3.36364
3.62179
2.51515
1.45455
0.0272727
0
4.92857
3.25
2.63636
1.09091
2.97727
0.776923
0.804196
0.25
3.78409
3.5
2.96364
3.26667
5.22857
3.55
0.9
2.80909
0.444444
0.86014
0.0769231
0.742424
1.08333
4.31111
0.309091
1.8
5
1.83333
2.89423
1.43077
1.68056
3.33333
2.35455
1.15
0.727273
2.45455
3.2
0.628788
0.598291
6.8
0.336364
0.133333
2.875
1.42727
0.388889
3.1859
2.76154
6.09091
0.222222
7.44444
2.975
3.48864
3.95833
5.32692
1.17778
3.70952
3.31313
8.26923
10.0584
4.24026
1.94615
3.025
2.97222
0.91453
1.14935
5.28182
2.97222
1.9625
2.86923
0.535714
3.03896
0.8
2.89231
6.77273
0.954545
0.861111
2.76154
1.91026
1.23718
3.27778
0.727273
0.783333
3.70909
1.25758
3.65657
3
0.615385
0.547009
0.5
6.23016
1.96154
6.10256
2.48718
2.55556
3.36364
3.62179
2.51515
1.45455
0.0272727
4.92857
2.63636
1.09091
2.97727
0.804196
1.47863
0.25
3.78409
3.5
0.3
3.26667
3.55
7.5
1.3
0.9
2.80909
0.454545
0.444444
0.86014
0.0769231
0.742424
1.08333
0.361111
4.31111
1.88889
0.309091
1.31313
1.8
5
1.83333
2.89423
1.43077
0.602273
1.68056
1.08333
2.86667
3.33333
1.15
3.08182
0.727273
2.45455
0.628788
0.598291
0.336364
2.875
0.175
1.42727
0.388889
3.1859
0.288462
2.76154
0.222222
7.44444
3.95833
5.32692
1.17778
3.70952
6.86014
3.24476
3.31313
8.26923
10.0584
3.025
2.97222
1.07143
0.230769
0.91453
1.14935
5.28182
1.35
2.97222
1.9625
2.86923
0.535714
3.03896
0.8
2.89231
0.954545
0.861111
2.76154
0.209091
1.91026
1.63333
1.23718
3.27778
0.727273
4.14394
0.783333
1.68939
3.70909
1.25758
3.65657
3
0.5
6.23016
1.96154
1.04167
2.48718
3.36364
3.62179
2.51515
1.45455
0.0272727
4.92857
2.63636
1.09091
2.97727
0.804196
0.25
3.78409
3.5
3.26667
4.38333
3.55
0.9
2.80909
0.444444
0.86014
0.0769231
0.432692
3.29487
0.742424
1.16667
1.08333
4.31111
0.309091
2.07692
1.8
5
1.83333
2.38462
2.89423
1.43077
1.68056
3.33333
1.15
0.727273
2.45455
0.628788
0.598291
0.336364
2.875
1.42727
0.388889
3.1859
2.76154
0.222222
7.44444
3.95833
5.32692
1.17778
3.70952
3.31313
8.26923
10.0584
3.025
2.97222
0.91453
1.14935
5.28182
2.97222
1.9625
2.86923
0.535714
3.03896
0.8
2.89231
0.954545
2.55556
0.861111
2.76154
2.75455
2.07778
1.91026
1.23718
3.27778
0.727273
0.783333
3.70909
3.96923
1.25758
3.65657
3
0.538462
0.5
6.23016
1.96154
2.48718
3.36364
3.62179
2.51515
1.45455
0.0272727
1.93939
4.92857
2.63636
1.09091
2.59091
2.97727
0.804196
0.25
3.78409
4.21667
3.5
1.3
3.26667
3.55
0.233333
0.6
0.9
2.80909
0.444444
0.86014
3.26923
0.0769231
3.67949
0.742424
1.08333
4.31111
0.309091
1.8
5
0.575758
1.83333
2.86667
2.89423
4.96923
1.43077
1.68056
3.33333
1.15
0.72028
0.727273
1.40404
2.45455
0.628788
0.598291
0.336364
2.875
1.42727
0.388889
3.1859
2.76154
0.222222
7.44444
3.95833
5.32692
1.17778
3.70952
3.31313
0.590909
8.26923
10.0584
3.025
2.97222
0.230769
0.237762
0.91453
1.14935
5.28182
2.97222
1.9625
2.86923
0.535714
3.03896
0.8
1.80769
2.89231
0.954545
0.861111
2.76154
1.91026
1.23718
3.27778
0.727273
0.783333
3.70909
1.25758
3.65657
3
1.13287
0.5
6.23016
1.33117
1.96154
2.48718
2.55556
3.36364
3.62179
2.51515
1.45455
0.0272727
1.77273
4.92857
2.63636
1.09091
2.97727
0.804196
0.25
3.78409
3.5
3.26667
3.55
0.9
2.80909
0.444444
3.30556
0.86014
0.0769231
0.742424
1.08333
4.31111
0.309091
1.8
5
0.0333333
1.83333
2.89423
1.43077
1.68056
3.33333
1.4
1.15
0.727273
2.45455
0.628788
0.598291
4.46923
0.336364
0.875
2.875
1.42727
0.388889
3.1859
2.76154
0.222222
7.44444
3.95833
5.32692
1.17778
3.70952
3.24476
3.31313
8.26923
10.0584
3.025
2.97222
0.91453
1.14935
5.28182
2.97222
1.9625
2.86923
0.535714
3.03896
0.8
2.89231
3.94444
0.954545
0.861111
2.76154
1.91026
1.23718
3.27778
0.727273
0.783333
3.70909
1.25758
3.65657
3
0.5
6.23016
1.96154
2.48718
3.36364
3.62179
2.51515
1.45455
0.0272727
4.92857
2.63636
1.09091
2.97727
0.804196
0.25
3.78409
3.5
3.26667
3.55
4.39091
0.9
2.80909
0.444444
0.86014
0.0769231
0.742424
1.08333
4.31111
0.309091
1.8
5
1.83333
2.89423
0.912088
1.43077
1.68056
3.33333
1.15
0.727273
2.45455
0.628788
0.598291
0.336364
2.875
1.42727
2.05556
0.388889
3.1859
2.76154
0.222222
7.44444
3.95833
5.32692
1.17778
3.70952
7.91558
3.31313
8.26923
10.0584
3.025
2.97222
1.90909
0.91453
1.14935
5.28182
2.97222
1.9625
2.86923
0.535714
1.05682
3.03896
0.8
2.21678
2.89231
0.954545
0.861111
