3.77
5.23
1.855
4.82714
3.74
3.74444
6.64
4.732
2.05
3.558
3.93182
5.62
4.13571
2.55
4
3.19778
15.78
7.045
8.61
5.61
6.1325
5.37778
8.91857
3.9975
2.942
5.69364
2.33333
8.71
3.374
4.51364
4.216
3.89889
3.69
3.09
1.72667
6.88571
2.87667
4.53
3.882
2.67778
4.384
4.44667
3.09
4.746
5.35556
5.41143
99
6.225
2.53571
5.4
4.896
3.36
7.49286
11.99
3.212
4.36
3.77857
4.35556
5.49286
4.61
5.7625
4.02556
5.84
3.41636
6.86
6.62222
11.9586
6.0225
3.98571
8.41091
7.10909
4.05857
5.46462
12.42
12.195
5.10444
2.18571
12.95
10.3967
4.08667
8.25
3.54667
7.238
3.59667
4.57
3.55857
6.67143
3.93545
4.7
3.05143
5.22
2.28286
6.025
2.39286
3.56
4.6
4.35455
2.70111
2.63333
3.72
3.39889
7.04
4.61636
4.548
3.78615
0.69
3.53571
2.41667
3.73636
7.09
5.37714
4.44909
2.46667
15.71
6.985
4.33333
5.68727
7.73778
5.584
7.675
2.808
5.66429
9.38
3.89571
3.91385
4.606
4.045
7.66
3.31143
1.52
6.69111
3.63182
3.14
3.26167
5.30667
3.445
4.37
4.25444
6.005
6.11556
4.74
6.32364
4.67143
8.2
3.22
12.59
2
4.416
4.745
2.56667
6.84
6.068
3.94333
4.02222
3.31273
6.5
2.51
5.8275
4.0775
7.41273
6.07857
3.71444
5.79143
12.0033
5.04429
12.93
5.65143
6.82
5.03909
3.08
4.0325
7.9
6.125
3.86667
3.37727
5.00778
4.87273
5.544
6.08
3.81091
5.32462
2.636
1.778
2.256
3.7
3.9225
4.28556
2.7
3.96
3.72
3.65444
1.13
2.115
2.77857
3.9
6.12
4.5
5.68
2.63889
13.31
7.33818
5.19
5.55
6.32
8.22333
2.8175
6.76077
5.336
7.16
3.338
4.03077
3.46667
4.5425
2.26
3.448
1.72667
6.8025
3.75
3.605
3.45091
4.24
6.78
5.12667
4.2
6.75
5.7
6.16
5.73364
4.67143
5.325
2.6
10.9673
2.92273
4.446
3.12
6.45667
3.70091
5.62
5.542
4.12
3.43429
2.5
6.48636
6.52222
6.51429
4.20714
7.376
6.49778
6.81455
3.71889
5.81923
11.31
11.7322
4.535
7.66727
13.2127
5.07222
5.18667
6.48571
4.11286
2.82455
7.34667
6.4
3.1075
5.77
5.64545
3.804
4.62667
3.15286
3.32273
1.58857
4.688
2.01111
3.8
3.73
4.46667
4
4.81
3.59333
3.74111
5.59444
2.008
3.534
3.90333
6.15
4.78
4.58333
2.75
2.70778
3.13
4.625
12.4755
9.13818
4.4
4.8
5.49444
2.5
5.6375
5.285
8.99769
2.956
5.19455
7.30286
3.308
3.96615
4.24
3.99222
5.32
3.56
1.62667
8.09
3.47429
3.02
4.06
3.30167
4.41889
3.52
4.42556
6.06556
6.17
4.63
5.76
3.77333
4.47
2.95333
11.2773
2.93636
5.26571
2
3.50889
5.22
6.01
6.70444
2.76
5.94
4.53889
4.14556
3.24727
6.92222
5.895
6.054
2.56
5.93
5.23556
9.18
7.885
6.81
4.34286
5.43923
12.155
4.35818
12.9
5.32571
7.176
4.1475
8.73636
6.87
3.06
3.72857
6.67545
2.972
4.772
6.165
2.7
99
2
3.19429
3.77667
3.72818
3.0075
4.08778
3.94333
3.58778
5.69
2.56667
2.164
3.538
3.91
6.88
5.11714
4.58333
3.324
3.77
15.52
7.79
4.60857
4.34364
6.02571
5.21
8.46769
2.944
5
8.18
3.03
3.93923
2.505
4.47778
3.90556
4.32571
2.5
1.5
7.12
3.70818
3.95143
3.43333
3.265
4.368
4.625
4.55
5.475
7.66
6.81556
0.5
5.42077
5.71
4.55714
4.72545
2.94286
12.045
3.216
4.372
2.905
3.48111
5.02
6.57
3.3
5.71333
3.9725
6.535
3.65
6.86
4.284
7.60909
7.34636
3.82143
5.46167
3.26
4.368
12.8
6.22
8.99
4.0325
8.6725
5.71778
3.13
4.80429
6.18333
3.81455
5.17333
4.22143
3.36778
7.25
2.22222
2.148
3.83333
3.14571
4.44545
4.46
1.94
3.945
3.542
3.53
4.21889
1.846
3.48
3.87727
9.83
4.65857
5.05333
0.68
3.40571
3.28
10.28
12.6455
7.51818
8.1
4.4125
5.96111
5.5475
8.89857
9.345
2.938
5.52182
8.46
2.13
4.022
4.22
2.635
5.12857
4.485
2.735
3.226
1.58
6.49
7.29
3.43
2.64667
3.01222
3.81
9.23
99
4.08333
5.53556
6.75556
4.745
5.60333
6.84143
6.12
5.225
3.554
12.01
3.212
4.37
3.03
3.65545
4.74
6.34667
7.455
4.75333
3.8275
3.32364
5.07667
5.125
13.08
99
6.0375
4.56429
7.708
7.10333
3.71556
5.84429
12.085
4.49833
12.9
4.03286
8
5.18333
6.46429
4.1275
7.86923
6.86667
1.60333
4.115
4.73889
6.91636
3.79727
4.69833
2.99615
6.1
2.4
2.18
5
2.11
4.32833
4.44167
2.296
4.08444
3.74667
5.18
4.384
2.038
3.552
3.83333
6.3
5.46286
4.3
3.012
10.4814
11.91
8.44
4.96
5.38
4.88
7.07778
8.17909
2.43
5.925
8.59286
8.1
2.66667
4.31
4.42
4.07889
2.28667
4.17909
1.63333
6.515
3.23
3.08
3.30833
4.17455
6.29091
6.44222
3.64778
6.13556
7.39
6.89
3.01143
6.19
4.35714
4.55333
2.7
11.64
2.37333
4.60778
5.158
3.204
5.06
5.548
0.976667
4.68
3.38909
6.35909
6.20222
6.0075
4.2125
5.95
5.70364
6.255
5.49286
4.845
3.625
4.892
11.4
1.85
12.93
5.53143
6.52857
4.40667
7.86538
5.5
6.4
3.74
4.93778
7.97692
6.79333
3.81545
5.19538
2.85429
2.02444
99
4.25
4.17833
3.8
2.5
4.86
4.09444
3.48
3.89
4.952
1.84
3.83778
3.87667
8.62
10.4477
4.50889
3.33111
4.58333
2.664
14.22
13.095
8.20818
4.63
5.005
5.8025
7.54667
2.952
4.56444
7.66
3.5
4.6
4.71111
2.59286
3.89333
3.47
4.964
1.65667
7.0075
2.84
3.25556
3.47545
4.384
6.06889
2.58
5.4
5.825
6.45556
5.86667
5.06
2.58545
4.41333
4.30909
5.38182
3.71429
2.89333
9.24
5.99
11.3082
2.93364
4.48
1
3.68636
6.68231
4.58889
3.18889
4.4475
5.848
4.20909
3.16429
3.008
3.41545
5.92273
2.77571
7.37
6.79
3.095
7.90364
6.78182
3.008
3.35143
6.63889
10.8173
7.42091
10.2329
5.25
12.9327
12.328
5.29
5.23
6.54286
3.79429
4.27
7.87308
6.4
3.0625
5.775
5.14889
2.8275
5.212
2.46636
1.99778
2.26
3.7
4.07
3.97333
3.71667
3.0425
4.08444
3.502
3.87222
4.59
1.966
3.51
2.92556
7.06
4.8275
4.58333
3.01909
13.08
9.26
5.33333
5.42556
5.22778
9.01333
2.7825
4.29667
5.90636
4.3725
8.48286
3.372
4.00923
4.43889
3.89889
3.595
4.516
1.74667
6.87
6.49
3.674
3.80667
3.16667
4.70818
3.53
6.16143
4
7.14429
6.43556
4.16111
5.66364
4.26429
4.372
2.925
11.6873
3.234
4.03
3.89333
4.152
3.7525
4.47
6.044
4.696
3.82889
3.39727
6.37727
6.18222
6.078
4.13
8.06667
7.42
9.08
3.625
5.29167
11.415
3.42182
4.9
12.7678
4.64
7.146
7.09846
4.0325
7.76
6.4
3.025
5.24778
6.84727
3.2
4.99833
2.91857
1.9875
2.56
4.034
4.5
4.32
2.5
4.25
3.25
3.56111
5.068
2.88667
3.426
3.84
5.7
4.9275
4.58333
3.028
13.985
8.5
4.5
5.13545
5.42
5.57
8.61769
2.42667
4
5.21571
10.15
2.50429
4.285
2.87667
4.42
4.11222
4.65
2.73333
11.95
1.5
6.73778
3.60636
2.82667
5.7925
3.30818
4.568
6.52111
4.02857
6.3
6.27556
3.738
4.73
3.86
4.99727
3.74
6.76
9.41667
11.05
2.9
3.625
4.18889
3.65
5.02
4.5875
5.5
3.11667
3.28333
3.87
3.35636
6.32857
5.5
4.25333
6.0075
4.22
8.11636
7.00444
3.33333
6.43333
11.5971
4.12
12.7078
8.41444
5.16714
6.49286
99
2.17
12.67
4.54
3.16667
4.7375
6.518
3.79
5.14154
2.33333
1.5
2.172
3.56545
3.70455
5.47
2.61909
5.39667
4.06778
3.38286
3.62778
5.0225
2.39
3.51
6
2.39556
6.37
4.8025
4.58333
11.9529
10.11
2.88667
12
14.9091
8.44818
4.51
5.8
4.64571
8.23091
2.918
6.37273
7.69286
2.705
4.02538
4.006
3.93889
5.68
4.11429
4.17909
1.67667
6.99286
3.46636
3.002
3.26667
4.026
6.02
4.155
5.68556
3.98222
6.64
4.19444
4.67857
5.7
4.49
2.55
11.88
16.505
3.218
4.8
3.62
4.93714
3.492
5.572
4.38636
3.99889
3.632
6.42727
6.82
11.3936
6.02
4.41429
6.99818
7.47818
7.80556
3.72444
5.81286
11.825
4.54
12.5256
7.355
6.39
5.465
4.75
5.45833
8.70455
5.32
6.125
3.468
3.88
6.05364
5.43333
7.21286
3.20455
2.25857
2
1.81
5.46
2.4
2.425
4.09111
3.546
3.69444
5.016
2.068
3.71778
5.29286
9.36
4.8225
4.52667
4.58333
5.27778
3.11
12.95
7.79818
5.025
4.51667
5.16286
5.5
8.55769
2.94
5.8
7.38
3.4025
3.46
3.74286
3.94556
4.494
4.24667
2.29
7.27
4.146
2.9
3.48455
4.056
6.12889
4.99333
5.92556
6.29
4.14111
4.93889
4.82778
5.58364
4.52143
4.91333
3.0075
11.06
2.6475
7
4.3
4.1
3.70091
5.75
4.032
5.892
4.876
4.12556
3.39182
6.78333
2.6
5.755
6.835
2.8
8.29636
6.97
3.71556
5.68077
13.55
1.54
13.52
5.72429
6.576
4.5
8.36111
6.4
3.105
5.73
7.02286
3.8
4.94769
3.01538
2.34857
2.164
3.7
3.508
4.48667
4.15
2.73
4.09444
3.534
3.7525
4.03
2.21
3.546
4.006
6.07
4.9375
4.58333
1.81429
12.81
8.56818
4.77571
6.17333
99
9.08
10.53
3.038
5.08
7.65286
3.322
13.11
2.17333
4.85714
6.552
4
3.74143
3.72143
1.72
7.03
1.86
2.882
3.45636
4.24
6.07
4.09111
4.344
5.61556
5.97667
0.97
5.76364
4.32857
4.50667
3.09
11.0773
3.065
4.06222
3.5
3.518
5.29571
5.896
4.4
5.27333
3.744
3.48727
3.86286
6.40455
7.01286
4.83333
4.14286
7.78909
5.68571
3.46333
5.37778
11.815
6.658
12.4556
5.26571
6.47143
4.44667
6.07
19.17
6.74
3.33333
4.87778
5.58818
3.79364
4.42
2.98714
1.99778
2.156
3.57
4.36182
4.80714
1.21333
4.05778
3.92333
3.76778
3.80455
5.05333
4.27556
1.816
3.486
3.90667
6.76
4.7725
4.58333
2.57
12.7855
7.21818
4.555
5.61
5.32222
8.44769
2.904
5.14545
7.44
3.76
3.18545
4.00923
4.39
3.876
7.04
4.52667
4.97857
1.56
6.62
3.62545
3.14
3.245
4.43889
4.61
6.19889
5.008
3.57714
4.67
8.01667
6.22
0.5
7.28923
6.25778
3.01
4.04
4.006
99
10.8733
3.19
4.43
3.896
3.538
1.91
5.22286
7.6
1.46
7.42
5.94286
3.458
6.53
4.68
13.8078
5.28
4.21429
9.41333
6.72455
5.104
3.64571
6.28182
20.94
11.04
6.53
4.46846
12.17
5.43286
6.28333
4.5
7.88077
5.73222
2.83333
5.365
6.78182
3.5
5.09667
3.43667
2.12286
2.17
1.26
4.10556
3.852
2.84556
4.08111
3.7875
4.33
4.988
2.014
3.42455
3.1675
5.6625
4.38444
3.37556
2.20857
99
3.92333
4.92
2.87667
12.6055
8.24
4.7175
2.76
5.83727
5.91909
4.294
8.78769
2.976
5.93571
7.93286
9.12333
3.38
3.18111
4.00556
3.91556
4.41333
3.08333
1.99667
7.0375
3.18714
2.972
4.405
3.30636
5.84444
5.16
3.8
8.35
4.2
5.99857
5.11429
6.29333
3.692
6.61
4.38667
4.232
2.65333
10.9173
2.93364
6.18
4.438
3.68444
3.5
5.25
5.956
4.96143
7.31
5.2
2.65455
6.36364
9.32667
4.79
6.02143
2.85667
8.175
6.7425
3.79571
4.275
15.1067
13.0114
6.57667
4.625
12.62
5.03
5.25333
3.43
7.125
6.4
3.1575
5.12
6.11889
3.34
7.05667
3.396
99
1.5
2.14
3.55
4.125
4.42889
2.78111
3.9
4.40286
2.89
3.18714
5.455
2.29
3.702
1.50333
3.88667
6.76
5
2.53889
5.27
2.90167
12.35
8.13182
9.01
4.335
5.12
5.5
8.45769
2.952
6.25818
8.00286
3.875
3.93385
4.354
3.91444
4.1
3.26
3.4
1.66667
6.378
3.75
2.77727
13.306
3.26167
5.35
4.96714
4.09111
6.285
6.88
6.22
4.24111
4.98667
4.12667
4.72727
3.02
11.1573
2.47857
4.632
2.83857
3.44
4.79
5.776
3.95889
4.61
3.23143
6.4
3.74222
5.88222
5.9325
4.76429
8.65636
6.89333
3.92571
5.995
12.175
4.86333
4.73273
12.54
5.024
4.85333
5
3.22556
3.36
7.59
9.06091
7.018
2.61
5.28714
5.44111
0.2
3.75
5.192
3.25455
2.09333
2.4
4.182
4.2
2.68667
3.315
3.41429
3.494
7.055
3.78889
4.005
0.92
1.55333
4.33333
4.24
6.58
4.02333
4.50889
2.87333
12.7955
7.76
4.815
5.29286
99
8.165
2.878
6.24
7.10286
3.358
4.03077
4.45
3.91889
3.77429
4.092
1
6.91429
4.13
2.978
3.51182
4.165
3.43
4.76667
6.07333
6.23556
4.19444
5.43
4.93
4.005
4.78455
2.77
10.8073
2.92273
5.21
99
3.355
5.95667
6.845
4.228
4.69667
2.5
6.37727
6.47333
6.58667
4.3925
7.13455
7.12545
3.70667
5.81143
11.58
4.25455
12.76
5.17571
5.008
5.28143
4.512
7.87692
5.83333
3.072
5.11778
6.05
3.276
4.132
4.31
2.175
1.98222
2.136
3.8
3.72364
3.94167
2.57
4.81429
3.1775
3.73
3.91
2.25
3.22667
4.398
6.37
4.83333
4.96
2.5
17.07
8.03
4
5.03333
5.56
8.54769
2.95
5.35
7.31
3.5
4.62273
4.26667
4.01222
3.515
3.07636
1.61
7.91
3.46429
3.062
3.47
4.852
3.93857
4.09
3.99286
5.83
5.97556
2.85857
6.2
5.3
5.488
3.60333
2.4825
11.3673
3.112
3.638
4.17778
3.73182
4.86
5.796
3.96889
4.08667
3.09857
6.32727
4.77286
5.89286
3.25571
7.06909
7.16636
3.625
5.45538
11.9222
13.3429
4.45667
12.7771
99
10.5567
2.01222
4.28429
7.83462
6.735
3.46286
4.54444
5.21667
3.76182
4.47273
3.12111
2.82429
10.5867
2.00889
2.168
3.7
4.09333
4.328
2.144
4.09444
3.508
3.77111
4.68
2.89
3.482
3.76667
7.05667
4.675
4.68
1.24
3.5925
99
9.68429
4.85
5.86
5.69
7.81909
2.964
3.79667
5.52
7.27286
3.325
3.90923
4.678
4.78143
2.772
3.43889
4
1.71667
7.3
3.184
3.34222
2.94444
3.51727
4.14
5.19889
4.095
5.68556
6.31556
4.17111
4.48
3.58
3.87
5.11429
3.11429
11.2773
3.672
2.92833
5.37286
1.93333
3.64455
5.87
5.956
4.6
5.16667
4.7075
3.568
6.39091
8.17
5.99222
5.8575
4.0625
7.88727
6.952
4.226
5.75273
12.3933
5.67571
12.72
4.766
6.50714
6.25
3
7.73333
6.88333
2.25
4.94778
10.32
5.27333
3.57778
5.725
2.95
4.99
2.2
3.72455
4.002
3.875
4.325
3.75455
1.77714
3.69857
4.215
3.70778
5.07889
2.056
3.566
4.494
6.18
8.805
4.75
4.5
2.87833
11.915
8.62
4.55
5.44556
5.14444
8.49769
2.96
5.12091
5.97
3.422
3
4.26111
3.825
2.44333
4.42455
1.53
6.69111
4
3.7
3.358
3.978
6.29
4.35556
5.67556
5.2
4.625
4.125
5.52364
4.37857
4.49
3.02
6.26667
6.64857
10.3573
2.93091
4.42
4.42
4.355
3.66182
7.14
5.82
4.23286
4.3875
3.41636
6.165
6.78714
6.75714
4
6.275
7.85
7.615
3.74111
5.84286
13.14
2.77857
4.565
7.19857
12.8
5.10286
6.52857
4.33714
3.75714
4.79333
7.43143
6.4
3.0525
6.45
6.825
3.84818
4.23154
3.09
1.63
2.18
3.10857
4.08333
4.38333
2.55091
2.97
4.28
3.49
3.58111
5.008
4.73667
3.24
3.498
3.81667
8.71
4.74
4.58333
3.385
7.87667
7.66818
4.3375
5.48
5.87
8.32
2.936
5.80818
8.36
3.36
4.07923
4.71111
4.4075
4.21429
3.26727
1.71667
7.06
99
2.43333
3
4.52429
6.49571
6.76556
4.524
4.58
6.01556
5.87556
3.43714
4.04636
5.43
4.35714
2.5
3.664
3.09
11.4673
3.25
5.83143
3.952
3.956
5.32
6.3
4.35909
4.482
4.63444
2.32556
5.825
5.34
5.9925
3.805
6.1
4.222
7.675
3.375
5.81714
13.14
4.76
13.1327
5.89111
5.31286
6.46222
5.69
4.1025
7.84231
6.74714
2.316
3.93222
4.8725
99
3.39556
5.108
2.67167
4.26667
3
2.236
3.7
3.8
4.91333
2.83333
6.54667
0.46
4.44143
4.56222
2.176
11.124
3.505
2.21286
9.69
4.795
4.58333
2.88667
12.5655
8.32818
4.6
5.85556
5.555
9.56
2.91
4.44286
7.88286
3.69222
4.412
4.27429
3.98889
4.81
4.0175
1.60667
5.876
3.58091
2.864
3.21111
3.77143
3.91667
5.89667
3.38429
4.76
6.02
6.09556
3.33333
5.15
1.5
4.465
2.835
11.2773
2.37333
4.20429
3.55667
3.33286
4.125
4.83286
4.98
5.47
4.22286
3.255
3.41667
6.34091
9.52
5.8875
4.0475
8.28
3.5
3.525
5.81077
11.755
4.53667
12.425
4.22
11.47
6.32333
1.25
6.13
8.69818
11.85
7.17
3.225
4.70778
6.418
3.966
5.61
5.32
3.25
1.97444
2.184
3.55455
4.95
3.9
2.54818
4.06444
3.498
3.62444
5.31667
2.96
3
5.25429
3.16182
9.95
5.184
5.452
2.88167
3.54833
11.695
7
4.445
3.516
5.9
5.7275
8.18769
2.956
5.84091
4.43727
7.79
9.29
3.31
3.90462
4.348
2.85333
3.77571
4.10545
1.60333
5.99286
5.26333
2.846
3.295
6.87143
4.63455
4.12222
6.35
4.81
3.66111
5.87333
3.18
6.81556
4.11667
4.23444
4.28
4.475
3.16429
11.38
2.92
4.63286
3.875
6.41
2.95444
4.71
6.84
4.76
5.11111
4.3
3.38
3.28667
6.812
6.03222
5.9925
4.4225
6.92667
7.96667
7.36273
3.70111
5.80714
13.26
6.86
12.78
4.98714
6.45
3.33333
3.825
7.83077
6.84778
3
5.46857
8.77667
3.84545
4.00833
2.26909
1.88333
2.276
2.9725
4.07727
4.53
2.40667
4.15
4.005
3.59778
6.43
3.92
2.392
2.194
3.592
3.89333
2.715
6.88
4.5
4.58333
3.03455
4.41429
10.3514
8.575
3.52
3.52667
6.02
5.52778
6.86
10.0367
8.17769
2.944
5.46455
8.34286
3.414
4.06
6.02
2.99
3.64
3.17455
1.64333
3.65909
6.03571
3.268
3.28333
3.28
4.1725
6.93
4.47
6.195
6.11556
4.33111
4.79444
4.33333
4.32364
3.45
10.0922
3.52
3.83556
3.53667
3.544
3.75
3.58667
3
5.95
5.876
4.45909
3.31429
3.38636
3.99444
6.12
5.19
6.18
3.85
8.41091
6.93727
3.71333
5.80571
10.3667
12.075
4.06909
13.0833
5.27
3.568
6.51429
5
99
6.485
0.93
5.07778
6.88182
3.81
4.685
2.76154
1.86333
2.164
3.55273
3.8
3.75
3.212
5.42
0.43
3.885
5.65
2.37
3.496
3.99
6.97
4.8275
4.58333
2.87333
12.8367
15.045
8.80818
4.3575
5.335
5.9
9.76286
2.82
5.91571
8.58
4.235
4.00667
4.415
3.89333
3.36667
3.175
4.45833
11.2
1.61
7.24286
3.54909
3.20556
3.28667
4.5475
6.46
5.01429
4.92
2.58571
6.17556
2.94714
5.01
1.5
4.84
1.51
11.2473
3.112
4.5
4.5
4.11111
3.75
5.11667
5.475
4.09
4.03571
2.39
6.37273
6.29222
5.51429
4.1675
7.85455
7.16636
3.33333
6.44286
5.92857
12.275
4.26545
5.81
12.81
11.5733
5.42857
6.46429
3.75333
7.88077
5.706
3.49
5.23778
6.71667
4.90571
5.665
3.18182
1.75
2.18778
4.068
3.82222
3.12727
3.23714
3.366
3.90556
2.425
3.87
5.5
1.954
3.444
3.866
7.46667
4.8175
4.58333
1.91333
4.625
10.735
8.71818
4.31
5.66727
5.676
4.985
8.99778
9.10857
2.79667
5.08571
8.13
10.6578
8.35111
3.5
4.14833
4.095
3.89889
3.69
3.75636
1.58
2.95667
6.99286
3.58091
2.79444
3.51455
3.792
3.34
4
5.25333
5.91556
4.00333
5.18364
4.9
4.60667
2.04
10.0829
2.635
4.01778
3.66
3.602
4.50571
6.12727
5.86
6.15
4.19857
3.7225
3.42182
2.64909
4.624
6.12333
6.29222
6.0375
3.41
4.03889
8.75714
7.14444
3.72444
5.81429
12.255
4.52167
12.72
5.524
6.52857
4.1525
6.875
6.4
2.354
5.565
5.19778
6.315
4.625
4.71667
3.07
3.00385
1.75
2.272
1.84
3.8
4.425
2.868
4.07111
3.83333
3.58111
4.50222
2.27
3.15667
3.98
4.01667
6.3
4.8025
5.504
2.66909
13.29
7.64818
4.97
5.64
5.08333
7.96909
2.5
5.10556
7.66
4.085
3.93923
4.276
3.91333
4.716
3.566
1.63
6.75333
3.49182
2.924
3.28167
8.23
6.05889
4.58889
5.58556
5.59556
4.38111
4.90667
4.09333
4.84
5.11
10.4973
2.92545
4.29
3.15
4
5.81
6.308
4.12273
4.15556
3.39455
6.32273
6.25857
6.0975
3.9125
3.964
7.92
6.63455
3.73333
5.79714
11.905
4.585
12.77
5.22286
6.52143
4.1225
7.88462
6.4
3.07
4.24
3.81
6.65
5.58667
6.03571
2.83286
1.95333
2.192
3.56455
4.26111
3.74667
2.82
3.975
3.25
3.67444
5.605
1
3.21333
3.128
3.72111
6.37
9.66091
4.44222
99
4.58333
2.86
12.48
8.3
4.7525
7.05
5.22222
8.05
3.07
3.042
4.255
8.18286
3.42222
2.82273
4.31111
4.4
0.26
99
2.045
2
6.518
3.24667
2.34714
5.96
3.315
6.34
4.28556
6.29556
6.23556
4.5
5.22
6.60667
2.68
4.47333
1.72667
9.79667
2.895
4.5575
6.025
3.79
4.056
4.96
7.58667
5.152
4.4775
4.06556
3.32091
5.71333
5.516
6.20222
6.0525
4.04
7.38
7.50667
7.14182
3.73667
5.82714
11.96
3.51889
12.5656
5.63333
6.47143
4.0575
7.59333
6.4
3.2025
4.955
5.85545
3.77909
4.21
3.06923
1.9
99
5.84556
99
4.25
3.884
4.33333
2.57273
3.06667
4.2
3.485
3.14429
5.6
6.61
3.594
3.82273
7.31
4.8575
5.472
2.46556
3
12.7255
8.05818
4.39
6.145
4.066
6.88778
9.51857
2.73667
5.47857
6.12
3.304
3.89769
4.276
3.96222
4.24667
2.97286
10.0827
1.72667
6.06667
3.322
2.912
3.07692
6.28571
4.456
0.99
4.69778
4.895
6.29556
2.86571
4.55727
6.07
4.84667
5.00273
1.388
10.7422
3.62857
2.94182
2.88889
3.76
3.63444
3.75
4.4
5.42667
99
4.97
4.528
6.36364
9.66
5.56429
4.2575
7.67455
6.88818
3.74444
5.81857
12.095
4.535
5.99429
13.5527
5.22714
6.57143
4.055
7.85769
6.4
3.295
4.73889
6.38889
4.14
5.478
3.05769
2.01556
2.104
3.54364
4.99667
4.96818
2.512
4.08111
4.91
3.985
3.72444
5.26667
3.44889
2.98667
3.458
4.8
6.73
4.62778
4.7275
5.536
1.80143
12.14
12.4567
6.50444
4.33333
5.13286
5.446
9.29667
2.57111
2.972
7.2
8.32286
3.404
4.55333
5.7
4.04667
3.90444
3.5
3.52727
1.73667
7.06
3.46
3.77143
3.45091
4.83333
6.36
4.65111
6.11556
5.75556
3.8825
5.67364
4.45714
4.46
3
10.6673
3.116
4.75
3.78571
4.8
3.51667
3.765
3
7.56333
4.52222
7.89636
4.32143
3.385
5.746
6.38182
6.43222
8.01
5.33889
4.145
7.69091
7.38727
3.9025
3.71
5.82286
11.7933
5.00333
5.245
12.5456
6.01333
6.18667
4.572
2.86444
8.33273
6.4
3.18
5.38778
6.636
6.19667
4.738
6.5175
2.76571
2.02889
2.102
3.54909
3.8
3.36
4.48333
3.285
4.30333
3.66667
3.81
5.18286
1.846
3.486
4.785
6.22
4.82
4.58333
4.1
3.0625
12.92
8.14818
4.69667
4.66
5.45
8.44769
2.934
4.72
7.81
2.79
4.885
4.01333
4.04556
2.63333
3.21818
1.63
4.2925
7.70286
99
2.42143
1.69667
3.575
2
5.0175
3.72
4.98333
6.985
5.76
4.88
5.85
1.65
4.3375
4.82909
3.3
11.3073
2.92833
5.35857
6
3.532
3.67273
5
4.5
5.992
4.28636
3.25286
2.29556
6.49091
6.20222
5.925
3.14333
4.06857
7.64182
7.06818
3.705
5.79714
11.905
4.91
12.295
5.38143
3.36333
4.25333
7.905
6.4
3.1625
4.72333
6.38333
3.60333
4.37167
4.56429
3.45
2.02222
2.216
3.54364
4.25
5.44
2.916
4.284
2.776
3.87667
5.95
4.81
4.94
2.68
2.53
3.42
4.13889
0.45
6.82
7.12
4.7675
4.58333
3.8
13.49
11.49
6.92
4.054
5.70556
5.32222
8.30182
3.27286
5.80667
6.60556
8.35
3.65143
3.16667
4.27778
3.91111
4.24
4.30182
1.83667
8.12
3.42667
3.48
3.826
3.81
5.88545
4.48
5.85556
2.40429
6.04
1.615
6.26
4.75333
4.36429
3.7
3.42
3.12
12.0443
3.37
3.625
4.076
3.59727
3
6.52
11.6
5.52
5.26
2.5
3.94
1.264
6.2
6.26
6.6
13.5
6
10.4286
3.835
6.84444
7.55909
3.18
4.07667
5.08
12.395
3.33778
12.85
5.31286
6.53571
3.35
4.07
6.91333
6.4
3.14
5.225
3.3
5.88727
3.995
5.222
4.1425
2.34111
2.10714
3.64
2.48571
2.86
3.76
4.54
2.67636
4.08444
3.59909
5.524
4.87333
4.12
4.596
2.014
3.125
3.07364
6.79
4.29
3.93143
2.87667
12.7955
8.38818
4.45
5.08
5.68889
4.83636
8.68
5.79444
2.79
4.615
4.80444
7.34
3.62
4.00923
4.432
5.16667
5.7
3.262
2.92
1.60333
6.76889
3.71
2.605
3.26636
2.728
3.75
6.1
4.71333
6.68
6.00667
4.13444
5.69
3.86667
6.68571
3.0525
6.056
10.12
3.50909
3.52
4.125
3.576
3.67909
3.6
5.29333
0.81
4.81429
4.08111
1.59
5.775
5.98
9.53
3.90111
2.13
7.525
4.3575
7.448
3.72667
4.52
5.82
15.54
3.934
13.4967
5.22
5.668
4.83889
5.705
3.83857
6.875
1.57
4.65
4.55
6.58889
3.77636
3.76538
2.74857
1.98111
2.15
4.53
4.15833
4.65
2.64909
4.06778
3.552
1.94333
4.69333
2.11
3.532
2.38444
9.71
4.64571
4.5
2.88333
12.3555
8.2
4.54778
1.64333
5.9
3.31
8.91
10.41
6.73545
1.86
3.00909
5.168
6.37
2.73
3.11444
4.28333
3.97222
3.83571
3.634
4.55889
1.69667
7.32857
3.635
3.062
1.658
2.62455
4.344
4.18
5.90889
4.64
4.87333
6.26
99
4.41
5.91
8.45
4.09333
6.03
6.23
1.8
11.1373
3.122
4.19889
4.25857
3.8925
6.59571
5.47667
5.924
5.07222
2
2.30667
6.50455
6.48
6.075
4.145
7.60909
7.11727
4.155
5.83714
99
4.62333
12.67
5.18429
6.57143
4.235
7.85769
9.53
11.03
6.67909
3.25
4.22
6.49
2.61571
4.64889
3.19615
99
2.2
3.17143
4.12333
4.65
3.935
4.83571
3.9
8.64
4.852
2.098
3.39636
3.51273
3.01333
7
4.7425
4.91333
1.81857
5.76429
12.6755
6.94818
4.77714
5.38333
7.55
5.71
9.31
0.76
5.71
8.12286
2.9425
2.115
2.96143
4.03077
4.078
4.11889
3.3475
3.195
3.27
3.902
1.51
6.80778
3.62545
3.044
3.43455
3.47455
3.44
9.6
5.20667
5.05333
5.87556
3.23
5.39
5.81
4.51333
3.28
10.65
2.72
4.362
3.52
3.66273
3.52333
5.79
4.19333
5.75333
8.80857
4.37222
2.29
5.16333
4.5
5.16286
6.81667
4.385
8.32222
6.92091
3.71444
5.84
12.355
4.9
13.08
6.09
8.99
7.35
4
5.32
6.6125
2.76
4.68
5.20778
6.69364
3.505
4.838
3.16538
2.00222
2.16
4.004
3.69
4.05
2.24889
4.08444
4.52889
3.494
3.68778
4.896
2.23
3.468
3.90667
6.64
8.98545
4.08778
4.53222
4.58333
2.81444
10.32
12.6655
6.29444
4.33333
5.28
5.67111
5.975
8.82769
5.68667
3.006
4.87143
7.70286
3.318
3.95538
4.6
6.286
4.11889
3.45857
3.64182
4.44143
3.964
1.63667
6.50714
3.55545
2.888
2.57545
3.918
7.27222
5.06333
5.98556
6.2
5.05429
5.86364
4.60714
6.93923
4.86636
2.01333
11.4973
2.93364
4.354
3.778
3.28667
5.66
6.276
3.78667
4.52
4.66556
3.36182
6.47727
3.27
6.76429
6.1125
4.65
7.39636
7.40556
3.72444
5.83857
11.3114
4.39091
12.4243
5.67077
4.112
7.01
4.1975
7.34333
1.78
5.46
5.575
6.03833
3.205
4.39714
2.91
2
2.272
3.54364
3.76333
4.10889
2.58636
4.07111
3.572
3.0925
4.90556
2.02
3.47
4.00222
6.64
5.182
4.53
2.80667
12.31
8.21
4.47
3.94545
5.94
5.516
8.52769
5.35
2.78182
5.82
7.14286
3.68
4.255
2
3.99
4.23571
3.61
4.17909
1.62
8.828
7.32857
2.79
2.865
4.1375
4.03
5.145
4.41429
6.59
6.45556
4.47222
5.22364
4.56429
4.54667
3.5
11.65
3.48429
4.474
3.98
3.69364
4.455
5.924
5.01667
3.125
4.09
2.616
6.98
5.425
6.86
5.07286
6.048
3.87
4.5
7.49444
4.136
5.91667
11.835
4.23273
12.72
5.47273
5.23333
6.49286
4.466
9.41667
6.4
3
5.3175
4.86778
6.91
4.11
4.13333
3.38182
1.96444
2.268
3.56818
4.05833
4.07455
2.55636
4.08778
7.29222
3.544
3.65778
5.495
2.67667
2.51
3.454
3.88333
13.62
6.95333
4.7875
4.58333
3.262
11.95
8.68
8.87231
4.42429
5.64
4.654
8.67
8.86231
2.936
5.20273
5.2
3.308
3.77
4.10667
4.204
3.95556
3.7
3.59091
1.67667
5.97
3.49
2.774
2.768
3.8875
6.38
4.88444
5.47556
6.45556
3.52857
5.87364
4.38571
4.75333
2.4675
10.9973
3.31
4.24
2.795
4
5.71
6.044
5
3.50714
4.20714
2.30778
6.415
9.91
5.934
2.56
7.26545
7.29727
3.73
5.80429
13.54
4.708
4.94444
13.1222
4.624
3.61143
6.4
3.83
6.55143
6.02667
2.69286
5.11778
6.74333
3.81727
5.12
2.83286
2.01111
2.248
3.57273
3.852
4.20833
2.9375
2.1
4.21
3.556
3.8575
4.915
2.05
3.40727
5.65143
3.87667
6.94
4.7925
5.12667
3.12364
16.21
8.48
4.40909
4.7
5.8
5.35556
9.32
2.5325
3.54111
5.50545
5.4
3.424
4.05167
4.162
3.90889
2.5
3.10091
1.57
6.458
3.622
2.924
3.26333
4.24
6.26
4.75222
5.46556
6.61714
4.33778
5.95
4.48571
4.69333
3.932
9.93667
9.02
2.71
4.145
1.4
5.02667
5.07
3.38
4.27273
4.58667
3.44091
6.35455
99
6.11
4.49286
7.47818
7.44667
4.458
6.20833
12.015
4.56167
12.275
4.99
6.43571
4.2
6.52571
6.4
2.5
3.66556
4.93778
6.27
3
3.75
4.64077
2.85857
2.34714
2.06667
4.1
3.34818
3.875
4.63333
2.432
4.05444
3.524
3.50286
5.42222
2.095
3.42
3.86
6.76
4.86
4.65545
2.9
12.26
8.29818
4.505
5.9
5.1875
8.63769
3.75
4.05
7.45333
3.77667
3.965
6.26667
5.44667
4.00889
3.665
3.5
1.65333
1.2
6.73
3.53
2.786
3.25667
4.36
6.27
3.57
6.81
6.29556
2.76
6.2
4.34
4.74
4.23182
2.984
11.2673
2.71333
4.468
3.9
4.2
3.75455
3.81111
4.22889
10.1367
3
6.42
5.17778
3.79
3.85444
3.36455
6.40455
5.96222
6.49286
4.18
6.976
4.72
4.184
3.83778
5.91667
11.905
4.63833
12.74
5.25286
6.42143
4.1325
8.456
6.48
3.33333
3.75
4.57
99
3.92
4.18846
4.2725
3.03857
1.99444
2.224
3.075
4.25333
4.125
2.56273
4.83571
3.125
4.002
4.956
2.22
3.81111
3.62455
7.41
5.26571
4.375
2.84727
99
8.65818
4.5075
5.4
4.9
7.99
2.8125
4.96429
3.82444
10.92
3.95333
3.16
4.35556
3.906
7.29727
5.42
2.75
1.5
6.64444
3.8825
3.31667
2.606
2.85286
2.94143
7.255
4.62667
5.73571
6.19556
4.12222
6.00364
3.728
4.54286
9.44
4.94364
2.02
5.69667
11.0473
3.5275
4.5
1.52333
3.97
4.28
6.76
6.004
2.826
4.97333
3.9975
7.056
5.1
5.205
12.41
11.0464
4.115
3.77077
8.33556
3.75333
8.29667
3.71333
5.82714
12.325
5.27333
12.75
5.5
4.504
4.24
7.86154
6.4
3.63286
3.61
6.604
5.5625
3.75
7.455
4.77538
4.98
2.98286
2.05889
2.168
3.55667
4.24545
4.275
2.5
4.08778
3.49143
3.62111
4.94
1.69
2.96556
3.02778
6.03
3.41
4.916
2.9
9.6
7.80222
4.86571
5.57
5.99
8.75
2.948
6.55889
9.56273
7.40286
3.71222
2.81455
4.354
4.08556
5.634
2.46
3.22364
1.64333
7.19286
3.33333
2.87
3.45273
6.67
6.21
4.554
3.62111
5.61556
3.61333
6.07143
7.78571
0.51
5.31364
2.00455
4.62857
3.02143
2.88
11.2073
2.93364
2.92
5.18857
99
3.55
5.28
6.09556
4.35455
4.16889
3.81333
3.33455
7.64
3.97
5.77857
4.115
3.45636
7.78909
6.85545
5.13
3.72778
5.82714
13.46
4.375
12.74
5.35571
6.56429
4.75
8.438
6.4
3.33
4.73889
6.65
2.89
5.66
7.53889
3.72333
1.54571
2.14
4.86
3.54364
4.03167
4.05
2.156
4.07444
3.44
3.64444
4.57222
1.822
3.3
4.044
99
2.5
4.972
2.88167
16.01
8.02818
4.48857
5.7
5.8625
8.63769
2.908
5.30909
4.86429
7.53333
2.018
4.22
4.43333
3.95889
1.8
4.91545
1.59333
6.93571
3.53636
2.79
2.39
2.56455
3.94
5
4.69778
5.44
3.25636
6.62286
4.24111
2.66667
5.14286
3.73
4.54667
2.985
10.8773
8.9
2.952
5.41
3.16667
3.67091
4.70714
5.964
5.10714
4.37286
3.442
6.42727
4.3
5.916
2.5
7.78909
7.12545
3.73
5.83429
10.73
6.382
12.66
8.04167
5.36429
4.576
4.145
7.83846
6.4
3.0175
5.34857
6.304
2.63182
3.75
4.88667
1.94
1.66571
2.18
3.20091
3.53909
5.13667
4.47273
4.185
4.18778
3.48286
4.84429
3.548
3.868
2.69143
4.764
2.17
3.105
3.66
6.91
4.805
4.58333
2.88167
12.6455
8.74818
4.5825
6.06
5.47333
10.9933
9.36615
3.026
5.64
8.20286
8.16
3.102
4.71286
4.16667
3.97154
4.456
3.91
3.42
5.12
99
6.82333
3.13333
3.272
3.25167
4.71429
4.44
4.40222
6.17556
6.79556
3.248
4.82
5.54364
4.64286
5.328
2.08571
10.8573
3.22
4.66818
4.2925
4.38143
3.5
4.59
6.198
1
3.81444
3.534
3.594
6.53286
5.72
6.066
3.76429
6.31429
6.92091
6.54333
4.0725
5.83143
11.2014
4.19182
12.79
5.79
3.88556
3.794
4.18
7.71545
6.605
3.91
4.86778
6.375
3.736
4.54167
4.18
2.91429
1.76333
2.24
3.5825
4.35909
3.10455
4.73222
2.67091
4.32
4.09444
3.536
4.546
4.585
2.11
3.42
3.88667
6.73
4.7025
4.58333
3.074
11.8867
8.57818
4.68571
8.36
99
8.71667
2.52
5.53571
7.42286
3.412
4.315
4.18
3.92333
4.394
3.60364
1.62667
5.67857
4.755
3.12
3.49545
4.18909
3.86909
4.14818
5.725
5.115
6.6
5.84667
7.805
3.75
5.47143
4.23
4.75727
3.03
11.1773
2.92273
3.16667
3.76
4.885
4.09778
3.66818
4.86
5.984
5.01
3.81111
3.37273
4.10667
3.4775
4.75
6.30222
5.865
4.88667
7.756
7.92571
3.875
4.96778
11.835
4.08
12.49
5.42
7.61667
4.0425
7.23
6.4
3.02571
4.81778
5.445
3.79636
4.94769
2.81143
2.18571
2.268
3.54636
4.66778
5.54286
1.718
3.465
3.492
3.75111
4.74444
2.008
3.506
2.22857
5.61667
4.865
4.65091
3.004
12.93
6.29
8.81
5.34727
7.39778
5.7575
5.42167
8.34769
2.932
5.63
7.62286
2.635
3.95538
4.48
3.89778
2.81
2.858
1.92
7.42
4.24
2.42
4
4.86
4.56
5.08
6.485
6.04
4.74571
6.34
4.34
99
3.638
11.6222
2.92273
4.475
99
3.25333
5.54
5.37667
1
3.93222
3.44909
6.33182
6.23222
5.8725
4.145
8.13273
6.66
3.25
6.03333
11.565
3.944
13.06
5.49667
5.26667
3.04444
3.73333
7.78846
6.4
6.77333
3.76222
3.56364
5.41778
6.29
5.81333
3.952
6.14
3.38889
1.756
2.11667
4.25
4.232
5.3025
2.74667
3.975
3.95333
3.72778
5
2.07
3.466
2.47667
3.658
2.875
99
2.66333
5.45
2.89
11.8278
8.02818
4.5675
7.11
5.57857
9.77667
1.75
6.14667
7.65286
2.63
4.14333
4.29556
3.25429
3.79
4.25273
1.61
4.92333
6.154
4.8175
3.91667
3.068
3.46182
3.4
4.96
3.425
6.4
5.31222
6.97556
6.24667
0.5
5.36727
3.94857
4.6
4.45
3.986
12.3986
15.1367
2.66667
4.14889
3.875
3.34667
3.8025
5.976
4.192
3.32364
4.39429
3.585
7.53
6.875
5.9175
4.0925
8.23091
7.11727
3.69667
5.80429
3.48
4.87091
11.8467
5.65
6.52857
4.01857
8.58571
6.4
3.1975
5.27667
6.25667
3.77273
4.57333
2.88
1.95111
1.55333
3.54909
4.41909
3.83556
2.786
4.08778
4.83
2.70571
5.7
2.1
3.538
4.06818
6.7
4.8275
5.556
2.9
12.5755
8.29818
4.325
5.61
5.48
4.86364
5.01429
8.56
2.928
5.27636
9.59
2.5
4.31
4.72778
3.90889
4.24
3.12
1.61333
6.79222
3.385
5.97
2.86
4.175
3.555
6.1
4.85333
6.16143
4.11
5.8
4.51667
3.09286
4.14
3.72
3.918
2.62
10.7573
2.93364
4.444
4.45556
3.69
4.4925
6.116
2.78667
4.816
4.43
3.88778
6.91
8.66
5.8275
4.0475
8.1
6.824
3.38571
6.63222
10.6314
3.97
13.7633
5.52286
6.23333
4.06
7.86923
6.125
3.924
4.79778
6.19364
3.85091
5.45385
3.01714
2.00556
1.57333
3.70333
3.55545
3.225
4.01667
2.61091
4.08778
3.52
3.76444
4.90556
1.96
3.462
3.9
6.85
4.835
4.58333
2.88
12.54
9.46
5.474
5.75
5.66667
8.16769
2.97
6.03727
8.10286
10.1822
3.92333
3.90273
4.57
3.94556
3.11
2.9
4.44
4.036
1.53
4.77714
5.8975
3.67
3.216
3.36364
3.996
6.54
5.13333
11
5.345
4.88571
6.86222
4.06
4.01462
4.71857
5.94
5.21222
2
11.38
3.25556
4.376
2.59
3.228
4.228
3.66091
4.88
6.08
3.08
3.996
4.65
3.474
6.31364
5.77222
6.024
3.83
7.37333
4.825
3.625
5.49923
12.4333
5.78857
12.85
5.37333
6.58143
3.25
3.55
6.71273
12.9922
7.89
3.31
3.52333
4.58333
13.91
4.99857
8.28667
4.04
2.91
2.01333
2.196
3.54818
4.02
3.308
2.83
6.62667
5
4.24
4.83
2.158
3.32667
4.19545
7.03
4.576
4.86727
2.88333
12.49
7.64818
7.08
4.61
5.73727
5.508
5.5
7.73769
2.93
5.75091
9.59
3.192
4.20857
4.08
4.318
2.83571
2.17
3.41909
1.81667
6.43
5.76273
3.22
3.19
2.1225
4.488
6.32
4.395
5.96
6.31333
4.545
6.93
5.84667
6.81077
5.11444
4.38571
4.29077
3.64545
4.228
2
4.308
10.15
2.93364
5.31714
3.03
2.994
3.33778
4.2525
7.225
5.16
4.43
3.75556
6.76308
4.5075
3.434
5.3
6.38636
6.40222
6.635
1.77
6.93818
8.09556
3.74889
4.62
5.82857
10.2333
3.42545
3.25778
13.78
8.14286
6.25
6.63143
7.22
3.68
6.68
2.75
7.83846
6.4
3.135
4.91091
4.91778
6.41667
4.49636
3.75
4.25
4.18846
1.5
7.43
2.625
2.43333
3.55545
4.36
5.47333
5.44286
2.49286
4.06111
3.568
3.75111
4.728
2.194
3.21333
3.942
6.97
4.93
4.58333
1.89571
11.295
8.17818
4.42857
5.74727
5.17333
5.58889
8.36769
2.924
4.8075
11.0933
3.47143
4.065
4.945
4.66889
4.15
8.3
3.655
3.114
1.50333
7.1125
3.38
3.008
2.93091
4.272
6.39
4.31667
6.27556
5.59333
4.845
5.40364
4.41429
4.52
2.8725
11.3467
2.655
4.366
2.142
3.67909
5.09
7.10727
5.88
5.634
4.00889
3.38909
6.38636
6.00222
6.06
4.1075
4.23
8.62
8.53143
3.81429
5.47167
13.1114
3.75429
12.67
5.15
6.51429
6.625
4.5
5
2.574
7.1
2.684
5.27778
6.27667
3.79091
5.19
3.09429
2.06857
2.26
3.55273
2.87
4.032
2.56455
4.07778
3.538
3.50778
4.99
2.062
3.532
4.03636
6.58
4.785
4.58333
3.3
12.8955
8.77818
4.8425
6.82
5.58889
10.0214
2.74
3.52667
6.47889
7.09333
3.01714
4.44636
4.582
3.04
3.26571
3.608
1.63667
6.59
2.90143
3.062
2.66667
3.305
4.11
5.395
4.34778
5.83556
6.49556
3.92333
5.22
4.83333
4.844
2.91
11.7622
3.285
4.456
3.5
3.66727
4.46667
6.092
4.55909
3.88
3.34273
6.33636
8.07333
5.895
3.9575
8.41091
7.25636
3.19
7.03857
4.98333
11.755
4.64833
12.61
5.68571
6.51429
3.02
5.875
7.60429
2.87429
4.78778
5.83833
3.79909
4.73333
2.96143
1.75
2.188
3.55727
4.25
5.76667
2.95571
3.23889
2.134
4.346
3.8375
4.57333
2.67
3.426
3.87667
7.09
4.875
4.58333
2.89167
12.2455
7.84818
4.2775
5.6
5.41333
6.72
8.47182
2.95
5.784
7.80333
3.5
3.95538
4.456
2.994
4.53
3.25143
3.62222
3.06545
1.93667
6.314
5.29571
3.425
3.4
3.5
4.32727
3.575
4.824
3.46909
5.96
3.76333
5.764
6.50857
8.5
5.58333
4.63
11.89
5.59
3.78
4.004
3.28857
11.0373
2.93091
5.624
3.75667
3.5
4.88
6
6.47222
3.572
4.30455
4.05222
3.33182
6.3
6.33571
5.9475
4.1075
7.804
6.588
3.71556
5.81286
11.04
11.5622
5.16111
13.215
5.73
5.95
6.52143
6.496
3.64889
6.75714
1.5
7.99
5.36
4.82778
6.27
6.53
3.75
4.79833
3.12
3.78
3.102
2.59571
2.56333
2.73429
3.55909
3.98818
3.53636
2.62091
4.09778
3.135
3.7875
4.73333
1.666
3.44
3.48364
3.87333
7.10667
4.8325
4.58333
2.87
11.575
6.37571
3.92429
5.615
5.2625
8.77
2.85889
2.926
5.24364
7.64286
3.24333
4.452
4.21857
3.94556
6.64
2.94333
2.18
7.44
3.53636
3.14
3.29333
4.448
7.085
4.15333
5.74556
6.39556
4.69857
5.66364
4.75
5.79571
3.39
10.8773
3.045
4.79286
3.29
3.75
5.31286
6.54
4.648
4.65333
2.5
6.1
6.08222
4.74667
4.36429
7.70727
7.04364
3.71556
5.81857
9.21667
4.42222
5.15833
13.8567
5.5
7.91
4.16667
10.32
6.4
2.66667
5.34
6.14333
3.80636
5.83333
5.15909
3.34
2.08111
2.216
3.53818
4.315
5.24
2.8
4.06444
3.578
3.8025
4.544
5.11
2.032
3.458
3.78182
7.06
4
4.58333
3.02818
11.32
8.29818
4.67143
6.55
5.36
7.98909
3.14556
5.545
8.08286
4.198
4.245
3.92846
5.56
3.928
9.89111
3.695
3.47857
1.55
2.94167
6.9775
2.54667
3.07
3.82444
5.33
4.6
4.164
4.24667
6.08556
5.95556
4.5
4.63
3.965
4.464
3.1725
3.938
10.6073
2.93636
6.345
4.0325
3.75
4.37
7.26667
4.792
3.86667
2.868
6.828
6.05778
6.97333
7.32667
3.902
7.5
7.425
3.71444
5.89923
12.055
3.85
12.205
5.36333
6.14
3.95857
11.4833
6.4
3.2
5.8175
5.09
7.37333
3.79
5.17923
2.92714
2.725
2.4
2.505
2.34333
3.8
4.035
3.78333
2.61091
4.04444
3.532
3.65778
5.08333
2.122
3.466
2.665
4.084
6.3
4.835
4.68
2.875
13.27
7.93
4.7325
5.3
4.89857
9.97286
3.5
6.99429
7.81286
3.48429
3.57
4.52889
3.99222
3.8
3.95818
1.66667
6.36
4.21
2.34714
4
4.272
6.47
4.97
5.54556
6.63714
4.74
5.24364
4.14286
4.50333
3.224
11.94
2.92818
4.60778
3.91333
3.76818
4.48333
8.68
5.6
7.98571
4.41
4.9325
3.582
6.188
3.12
5.58571
4.27143
8.23091
8.275
3.72667
5.82286
12.015
12.8622
4.532
8.2
12.5778
5.36857
6.52857
3.125
3.66444
7.82
6.4
3.12
5.35
6.81
3.74091
4.28333
3.69857
1.995
2.12143
3
3.5
4.295
5.29667
2.75273
4.09444
3.64111
3.3925
4.972
2.48
8.83778
2.98889
3.2175
9.59
4.8025
2.79833
4.58333
3.048
13.72
8.38818
4.315
5.64
5.53571
8.41769
2.926
4.95727
6.88
3.342
4.00385
4.588
4.07556
6.67556
6.97
3.875
4.28333
1.64667
3.34727
6.80778
3.455
3.65
3.29818
4.70714
7.74
4.18571
5.68
5.75556
4.35444
5.17364
5.655
4.08667
4.64
4.64
2.72444
3.36
11.2273
10.4167
3.5175
4.2
3.49
3.65455
5.67
7.23
5.73
4.46364
4.16222
3.178
5.94778
6.06222
5.9475
3.9425
4.10889
6.59778
8.38333
3.72444
5.82143
9.79
7.14
3.83333
12.7778
5.06
5.23364
5.685
3.465
6.264
1.5
4.44
4.72333
6.48333
3.75
5.78727
2.076
2.18429
2.288
1.04333
2.98818
4.01333
3.36545
2.61818
4.08778
3.468
3.67111
4.81857
1.948
3.18333
3.984
7.07333
4.855
5.36
3.01727
16.22
8.78
4.425
5.77
4.81444
6.145
3.5
8.31769
2.942
4.98182
6.87
2.83857
1.37667
4.05231
4.30556
3.98889
2.49
5.55857
2.84
1.5
6.2
3.26
2.76
3.81778
4.376
6
4.5675
5.55556
6.25556
1.97667
4.34714
5.19364
4.62143
4.54667
2.64
11.4873
2.45429
2.544
4.03222
3.512
3.67182
4.77
6.008
3.58143
1.00333
3.88
3.4
2.58222
6.17
6.10222
5.7975
4.025
7.435
7.04364
4.61714
5.91667
11.9985
11.835
4.44455
12.58
8
7.79
4.29
8.992
5.666
3.53429
5.58667
8.62
3.545
4.89444
2.76571
2.07333
4.02444
2.204
3.54636
3.14857
4.07727
2.642
4.24167
2.402
3.69286
3.60667
3.65111
5.61111
0.895
4.668
2.82333
4.37
2.764
5.71333
5.82
5.0275
5.408
2.77636
12.6355
8.53818
4.74
6.50545
5.56727
6.84
5.42222
7.72667
3.5
6.66
6.90286
3.23545
3.27857
3.93385
4.43333
3.90778
3.36364
4.28571
3.4
1.03
6.61333
3.9
3.5
3.104
3.1
3.846
6.92
4.87667
5.38556
6.525
4.815
5.30364
4.23571
4.50222
2.91
10.74
2.91727
3.30333
3.8225
4.84667
4.026
10.35
7.01667
5.996
4.20909
3.80333
3.38364
6.49545
6.25222
6.42857
4.64286
3.65333
6.432
4.77
4.9525
3.25
6.03667
13.82
4.46
12.96
5.076
5.57333
6.52857
4.84
7.82692
6.4
3.13
5.16
5.27
3.81636
4.44154
2.21667
0.95
2.625
2.212
3.56182
3.875
4.80182
1.7475
3.70286
3.1175
3.63444
4.716
1.822
3.472
3.85
99
4.8225
4.58333
3.72364
2.87
12.6155
11.6155
9.83
2.26333
4.76
3.75429
5.44333
8.25
9.93
3.056
3.71111
4.325
5.87
3.24222
4.63
4.01
4.79167
4.97727
4.91667
4.4
1.05
3.19364
1.5
6.69111
3.72
3.16667
3.47636
3.56
7.59222
4.97
5.44556
5.99556
3.83333
99
4.44857
3.8
5.31111
2.95
10.92
2.92818
4.44
3.78091
3.55
3.7
5.25556
11.1
3.09
5.792
3.6125
4.26111
3.32909
6.224
10.28
99
5.28571
5.23
8.75714
7.01909
6.28167
3.875
3.83
5.83
11.485
4.16
4.586
14.1522
5.03333
5.23333
5
3.33818
7.95333
6.84444
7.85
3.4
4.99778
6.28273
3.80545
4.78077
2.91385
1.99778
2.36667
3.25
4.32
4.74
2.485
4.36
3.2
2.66857
1.32
2.2
3.442
4.77857
6.4
3.83333
6.24
3.3
12.77
8.12
4.3625
5.92
5.97
8.94
2.93
5.488
5.35667
3.318
7.46556
4.7225
4.36429
2.25
4.8
4.83333
0.736667
3.675
1.5
6.69889
3.292
3.248
3.25833
4.52
7.54222
4.52667
5.15857
6.23556
3.775
5.43364
4.35714
6
1.92857
12.305
2.93364
3.66667
3.768
3.64182
7.93429
4.72
5.888
5.01556
3.98
2.936
6.37273
5.25286
5.15
4.29286
7.70727
6.94222
3.71556
5.81429
11.23
4.48
5.12778
13.055
5.854
11.39
4.0825
5.64857
7.42
6.4
3.2125
4.69222
5.99333
3.77909
5.234
3.25769
2.01444
2.232
3.55182
3.88182
4.44167
2.61364
4.06111
3.26
3.52714
4.824
0.505
4.5
3.93667
5.85
4.5
4.5
2.74636
13.74
8.53
4.315
6.19
99
7.97667
3.4075
8.02333
7.58
3.384
4.01462
4.6
4.03714
1
3.16909
1.56333
6.70667
4.22667
3.08333
4.544
3.985
6.45
4.37
4.56556
5.42556
6.43556
3.755
5.20364
4.15
4.75091
99
10.4229
2.69667
4.444
3.5
3.65364
4.26286
4.60286
5.41
5.79333
3.845
6.64444
5.03286
5.50714
4.722
4.5825
8.29636
7.225
3.71778
5.83
11.1514
3.73
12.7
6.208
6.46429
3.89167
3.878
8.52273
6.4
3.1375
4.96778
6.17
5.13571
3.75167
4.38769
2.90222
3.5
2.98333
5.44
2.208
3.11714
4.39333
4.40444
2
2.42333
4.81429
3.79333
3.4125
4.75333
2.104
3.484
3.91333
7.06
4.845
4.58333
2.87833
12.1
7.45818
4.4075
5.81
5
9.18
3.5
7.53667
8.22286
3.372
4.00385
4.3
3.098
1.98
3.16667
1.5
7.07
3.846
3.2
2.764
3.735
3.28
3.87143
7.00429
6.84667
5.71333
5.17273
6.5
4.48
4.75333
2.75333
11.0873
2.714
4.565
99
3.61667
5.02333
6.044
4.208
3.85333
3.27727
6.4425
6.58
6.05
3.8
8.29636
7.31364
2.728
5.88833
15.31
5
12.74
5.11143
6.46429
4.0725
7.85
6.4
3.105
5.01778
6.15667
4.166
4.6475
3.99
2.92286
1.94429
2.16
3.53727
3.7
4.31667
2.58182
2.788
3.38667
3.71444
4.94714
1.702
3.07333
4.02556
99
4.9275
4.58333
2.87778
3.11
13.4933
13.6322
7.38
10.4229
3.76667
6.6
4.448
10.14
3.05
4.61
7.9
3.8
2.22333
3
4.32778
4.022
1.5
2.5
1.78
6.86222
3.51727
2.996
3.38818
3.906
6.15889
4.22857
5.57571
6.23556
4.14889
6.25
3.98667
5.65889
2.7
11.1667
7.5
2.6475
5.34286
3.13
5.505
3.64727
3.12444
6.83333
4.32222
6.53
5.10556
4.52727
3.53333
3.612
6.48636
5.48333
6.63
4.24667
8.208
6.11
8.485
4.052
3.84667
5.91667
12.115
4.27091
12.94
8
5.45333
4.4
99
6.4
3.25
4.22429
7.62333
3.81455
4.36077
2.97857
1.98889
2.42222
3.32333
4.22909
2.81778
4.61545
5.10143
2.19
2.5
4.40857
2.86
2.60818
2.67
4.5
1.888
3.508
3.17333
7.27
4.8675
4.58333
2.875
12.05
8.62818
4.435
5.99
5.695
8.04182
2.954
6.57444
6.15
4.12857
3.96615
4.48
4.0725
2.27333
3.40667
4.24444
1.95
6.73778
2.42
3.065
2.48909
9.78
3.5
3.69273
3.56667
4.65
3.15
2.95
4.80556
4.46333
6.77556
4.23111
8.11
4.025
5.56364
5.44
4.45
4.5
3.968
3.87111
11.2173
2.82
3.625
4.52
3.514
5.59286
6.94
5.43
3.36
4.12556
3.30455
6.37727
6.10222
6.2475
10.58
4.445
3.71077
7.49455
7.21545
3.73222
5.80714
11.655
4.48833
5.21
3.26364
13.18
5.27857
6.51429
4.185
5.875
6.4
3.2275
4.89778
7.44
6.43111
4.2525
3.75
6.9275
4.57615
3.03429
2.095
2.168
3.53909
4.47778
4.20556
5.075
3.06
5.695
5
5.055
3.67778
4.9525
0.59
4.385
3.86333
6.58
4.8375
5
4.75
3.16182
4.06
14.695
8.02
4.66667
5.93
5
9.835
2.8075
4.58571
9.94455
6.69
3
3.58333
4.65
3.90889
5.36222
4.21429
3.71818
1.64333
6.76889
3.66364
2.84444
2.58909
5.83333
4.304
5.98364
4.43333
6.11556
6.53143
7.24
1.55
6.14
4.83
3.55222
2.45
11.33
3.50556
2.718
2.75556
4.59
1.854
3.9375
4.32286
5.756
3.66333
3.4875
3.41364
6.4
6.15571
5.7975
4.6475
7.56
7.564
3.71667
4.61091
11.795
5
12.8
6.448
6.47143
5.2
7.885
6.4
3.27571
8.65111
4.87333
5.81727
4.16111
5.05636
3.59143
3.19455
1.78
2.248
2.965
4.24333
2.90286
4.475
2.63818
4.0825
4.07
3.38667
4.23571
4.895
2.104
3.544
2.772
5.61
4.15333
4.45273
4.39
3.074
13.2022
11.8833
8.86818
4.44889
2.89333
4.21
6.15
8.30909
8.03636
3.43
6.1875
9.46
7.35286
3.68778
4.425
3.77143
4.354
3.96222
3.82
3.05
1.62667
5.308
6.74667
4.648
2.88333
3.27167
4.312
6.37636
4.49333
4.114
6.85
3.135
6.56
7.48
5.11429
5.31364
4.79286
3.83833
4.63182
2.77
11.32
2.72286
4.07714
3.68667
3.66091
4.77
6.848
6.53333
3.39
4.72857
5.18333
3.21222
6.38182
6.34222
5.7075
4.22
7.62857
8.02
3.77286
5.46667
14.36
11.7822
7.07182
4.635
11.84
5.43286
6.99333
4.1425
7.85
5.70286
8.17
3.258
5.715
5.746
7.78571
3.75
5.45385
4.89
1.5
2.188
2.98857
3.41667
4.18333
4.75
2.65455
4.41714
3.5
3.53143
3.836
1.612
5.14444
3.43364
3.615
3.79
6.3
4.8625
4.58333
3.03455
12.5955
8.32818
4.34
6.04
5.945
8.74769
2.9
5.43182
7.84286
3.64556
3.66
4.73455
5.34
3.89444
3.525
3.83273
1.61667
5.59286
4.5
2.55333
10.91
4.32571
6.44
4.41778
5.08556
6.39556
4.16111
5.32364
4.37143
4.996
2.835
11.39
13.89
2.92273
4.65778
1.75
99
5.15
3.33889
5.16286
6.096
4.33182
3.25714
2.31444
6.79444
3.4
8.03
6.0225
3.905
8.23091
6.74091
3.74444
5.67769
11.875
3.63
99
12.4643
5.02143
6.44286
4.995
7.85778
6.4
3.1875
4.41
1.83
5.33333
6.29286
2.74333
1.95222
2.116
2.875
3.91
5.32857
2.98333
4.15
6.025
4.07778
3.25
3.61111
4.81889
2.194
3.83778
3.81333
6.64
4.76
4.58333
2.56091
12.6055
7.3
5.04
5.54
5.24444
10.595
8.88667
3.12111
6.45
3.3
7.67
3.51333
3.93385
4.45
4.20222
7
4.44909
1.64333
6.312
4.22
2.9
3.27167
4.232
6.33
3.97857
6.28
6.45556
4.326
8.20143
5.96
2.61429
4.45
3.50667
3.06429
10.665
2.93909
4.08222
2.414
4.172
8.08
4.66333
5.868
4.49091
4.07222
3.43545
5.535
7.68556
3.13
2.4075
5.85
2.53
5.97933
7.465
2.7725
4.436
8.965
3.884
3.71778
3.48
5.61067
12.075
6.01
4.23308
12.5556
5.70333
6.54286
3.72286
7.07333
6.4
2.78714
4.59889
6.25857
4.94667
4.268
5.02333
2.92714
4.46667
2.05
5.66
5.91
2.4
3.625
3.73333
4.35833
2.55
4.555
3.502
3.81667
4.20667
1.846
3.81857
3.94333
6.59
4.885
4.40364
2.87167
12.7755
8.71818
4.136
5.125
5.31
8.02182
3.13556
6.27857
8.71
3.336
3.91385
4.396
4.085
4.2
3.8075
1.56
6.885
3.95
2.68889
2.55636
4.23667
4.29
4.65333
3.23778
5.02
5.76667
4.06857
4.26
4.35714
3.75
6.41
2.18571
3.62
9.7
3.28
4.53556
1.59429
3.28
3.8
5.45571
6.09556
5.5
3.62429
3.77143
2.906
5.655
6.49222
6.0675
3.935
7.46182
6.124
3.375
5.80571
9.61667
4.44333
12.58
5.73286
5.5
4.62143
3.17
7.90769
6.4
3.025
4.92778
6.15
2.92571
5.02222
3.06538
1.934
7.21
2.33889
3.228
4
3
2.6275
4.09111
3.55
3.87714
3.73429
5.278
2.35
10.27
3.524
3.85333
6.67
4.8025
4.88545
3.17222
9.64
8.11818
4.5025
5.525
4.36714
8.30769
2.95
5.47273
8.14286
2.6425
4.3
5.226
4.01889
2.41
4.15455
1.57667
6.8
3.6
3.12222
3.46273
4.17143
6.43
4.60444
5.28556
5.86667
4.466
6.12889
4.52
5.05714
2.74
10.9878
3.54
4.2625
4.69333
3.66091
5.42
6.12222
7.17
4.20222
3.44909
6.30909
7.09286
6.0975
3.46857
7.28667
7.48111
3.71
5.72667
11.875
4.52667
12.9
5.722
6.49286
4.155
8.07333
10.8367
6.4
3.13
3.84857
99
4.758
5.20667
2.178
2
2.176
2.9475
3.8
4.912
3.445
2.455
6.60667
3
3.67778
2.60333
2.134
3.496
4.38
6.76
4.7075
4.5
2.5
4.02143
10.6014
5.77429
4.33333
5.24
5.33333
7.985
3.23778
5.685
6.46
3.436
3.63
4.64444
2.95
3.97857
3.06
1.57667
6.83111
4.06111
2.63444
2.61364
4.304
6.33
4.76778
6.585
3.015
6.805
4.11333
5.81364
4.52857
4.44
3.15
2.685
11.72
2.645
4.21222
3.01333
3.624
4.92286
4.14
4.32273
3.2725
4.15
6.44091
7.85333
6.045
4.55714
7.77273
6.332
3.074
6.09833
12.3133
8.01
12.59
4.92667
6.27333
4.04857
7.7
6.92778
3
3.1375
5.375
6.27
3.80273
4.54923
3.03
1.96444
2.104
2.875
4.63333
5.732
1.86
4.82714
3.3
3.832
2.89556
4.81
0.05
2.93889
3.63273
5.94
4.7825
4.75
3.56571
13.06
8.44818
4.6725
7.27
5.795
8.23
2.915
5.37455
7.87286
3.334
3.14444
5.31571
4.4
4.06
3.69273
1.58
6.66778
3.18333
2.9
3.24
3.8
4.04444
5.73
3.622
5.4
7.12571
4.6675
5.70364
4.43571
5.77556
3.16
11.0873
2.86333
4.398
4.088
3.64909
5.87
11.5367
2.99333
5.948
4.43182
3.98222
3.37273
6.77778
9.57
5.9475
4.565
7.97333
7.32
3.72889
5.84857
13.28
3.13
12.96
5.46333
5.92143
4.516
4.1275
3.81
6.4
2.83333
5.35
4.92778
6.10333
3.98
4.45455
3.74
7.37333
3.94571
1.96
2.216
3.8
3.676
3.83333
3.40333
5.43
0.48
3.62444
3.61
0.99
4.33333
3.67909
6.71
4.965
4.58333
2.80667
10.4956
13.2733
8.17818
4.62333
6.50571
99
7.63909
2.5
5.375
8.57667
2.984
5
1.57333
3.90444
4.17143
3.85818
1.55667
5.82667
3.54909
2.55556
3.44636
4.038
6.65111
4.13571
5.625
5.29714
99
4.74857
3.37667
4.54
4.13333
2.54667
11.2273
2.93091
4.43
3.86889
2.5175
6.28667
6.052
4.248
4.22222
1.38
3.38909
8.01
6.315
5.61429
4.3775
0.67
7.74
7.16778
3.71889
5.80857
12.185
5
12.8771
5.5
6.45714
4
5.364
6.6075
2.6
5.685
6.06333
3.78455
5.54538
3.12308
2.03111
2.144
3.53455
4.03167
4.13333
6.25714
2.72
3.46667
4.205
3.66778
3.8325
4.27222
1.672
3.454
2.76
2.52857
99
4.9675
4.58333
1.96286
11.295
8.53818
4.6275
4.21
6.07857
7.81909
3.35
6.1875
8.15
8.25
3.5
3.98769
4.42
3.90778
3.75
3.07222
1.94
6.75333
3.66364
2.86429
3.13333
3.888
4.2625
4.98333
4.505
5.19
3.33333
5.62
6.17667
5.92
4.15333
5.05
2.72667
10.75
3.112
4.328
2.28667
4.02222
3.944
4.1025
6.77778
4.95
3.585
3.652
6.41364
4.43
6.69
4.26429
7.27
6.51667
4.535
5.93455
10.3
11.5222
4.525
12.6
5.56143
6.19667
5
12.63
6.5075
2.76
5.20778
7.085
1.874
5.18667
3.678
2.37571
1.94889
2.212
3.53273
4.3
2.98
4.22
4.04444
3.536
3.78889
5.004
2.21
3.8425
3.125
1.77
3.07222
4.14091
6.37
4.715
4.28
2.89833
12.6455
9.75
4.98333
5.26333
6.215
8.56769
2.936
6.92455
9.54
2.83333
7.92
1.50333
4.03889
2.802
3
3.7725
1.295
6.8
3.44091
2.93
2.55909
6.84
5.975
3.81
2
4.51
4.085
2.34
6.39556
6.16571
5.13857
5.64364
4.31429
3.22909
4.6
2.85
11.1273
2.832
4.4125
4.012
4
4.805
6.18
4.406
4.99286
3.388
8.24
9.13333
6.675
6.1425
4.31
7.78909
6.6225
3.7475
5.82308
11.945
4.58167
12.9178
4.76
7.164
4.17
7.84231
6.4
3.1
5.66857
7.43667
3.2
4.02
3.28182
1.68
2.244
3.54182
4.43
3.45333
5.29667
2.67364
4.81857
3.175
3.81111
4.78857
2.098
3.46
3.97231
3.85909
7.15
4.805
4.58333
3.00182
15.69
7.90818
4.4775
6.43667
7.04333
7.63909
2.5
5.56556
3.255
7.64667
3.16
3.9
4.63
1
2.348
3.05857
5.31833
3
6.44
3.6
3.17222
3.77444
4.128
6.36
4.29333
6.16556
7.07
6.30667
4.13111
4.67
0.77
4.18667
4.67333
3.0525
11.1673
3.04
4.46
2.54
3.64545
3.07714
3.49333
8.33556
5.28
8.12571
6.036
4.96667
4.17222
3.38909
6.38636
6.05222
12.81
8.91
2.87
6.67636
7.10091
3.74
5.83286
11.1
5.535
12.91
5.45
7.3
4.26429
7.88846
8.53333
2.865
5.45
6.31667
3.80273
4.02154
3.02308
1.828
2.164
3.7
4.44333
3.405
2.085
2.83333
3.1125
3.195
5.00556
0.655
2.84667
3.06556
6.85
4.8175
3.93714
3.24667
12.3755
7.74
4.92286
5.42556
5.48889
8.10769
2.94
5.61
7.23286
3.68667
4.28667
3.58889
4.16857
3.75429
3.47636
1.53667
6.81556
3.48545
4.035
3.326
4.98667
4.2
4.8
4.14556
5.88556
6.93
4.24
5.26333
6.52143
4.326
3.66
2.43
10.5373
3.39
5.164
4.42778
3.176
3.91333
3.90222
10.695
5.12
5.45333
7.34
3.462
3.54
4.69
6.50455
8.04
5.925
4.3025
7.636
6.85545
3.72111
5.80429
12.495
5.5075
12.6567
5.33429
5.29333
6.54286
14.4767
4.04429
7.84778
6.63
3.50714
4.52889
6.15
3.77636
3.32667
3
2
2.43667
3.55636
4.12833
4.64385
5.11222
1.80429
2.24667
4.08111
3.528
2.75
3.02273
4.964
1.96
3.524
7.36
9.69571
6.74333
4.38667
4.325
3.56
12.05
2.91333
11.8878
6.35444
4.33333
6.87
1.05
6.4875
7.98
2.82
5.32
5.96
3.3
3.91846
6.15
4.618
3.93556
3.48
4.03571
1.58
6.15
3.425
2.43333
3.27833
3.30667
4.256
6.32
4.63556
6.02556
6.11556
0.5
5.61364
4.49286
3.67
2.8875
11.0273
3.53833
2.93167
5.37286
3.616
3.64909
5.18
5.84
6.16111
4.62778
4.00222
3.36727
6.31364
6.115
5.94
4.4825
6.41692
8.93111
7.69429
4.78667
6.73636
3.71429
11.48
12.0022
4.876
12.86
5.27429
6.48571
4.16667
7.895
6.4
3.265
5.01778
6.40333
3.78364
4.94769
3.2
3.18182
2.01444
2.208
4.25
3.5
4.03333
3.972
4.025
4.84429
3.34778
7.07857
3.70444
4.56182
5.06444
2.88
3.484
4.068
3.25077
6
5.39
4.58333
2.454
12.2655
8.08818
5.68444
4.53143
6.525
6.54857
8.27
3.42
5.93556
6.44
3.84
3.36333
11.3627
1.45
4.032
5.404
3.5
3.21545
1.6
6.8025
3.8
3.014
3.27167
4.256
6.47
4.69778
5.86556
1.5
5.22857
4.23444
5.71
4.47857
5.07
4.93333
3.35
10.8873
3.12
4.342
3.06429
3.71667
6.47
5.9
4.37727
4.23
4.21
6.988
4.01
5.72
4.21333
8.37333
4.24
7.16444
3.73444
3.815
5.82429
11.975
4.29273
3.93
13.0627
5.888
6.44286
5.422
4.426
7.84615
7.625
3.1725
4.94778
7.06
4.17222
3.75
5.985
5.14
3.93077
4.81
2.12111
3.78889
4.1
5.14444
2.54818
4.08444
3.28
3.62111
4.956
2.122
3.484
3.89667
6.7
4.885
4.77077
6.29429
1.91667
10.385
7.98222
7.72818
4.4375
5.655
5.57778
8.82857
6.35
2.93
4.065
10.06
3.218
3.955
1.09
4.41182
3.60714
4.01889
6.83
4.098
1.70667
6.70667
3.61273
3.45833
3.05
3.47
3.84333
6.3
4.535
5.89
5.19143
4.7175
7.13923
6.04889
4.47333
7.17
2.92667
10.9989
2.72714
4.504
3.86
3.72909
4.455
6.148
4.205
3.86222
3.32091
6.13667
4.49556
4.96286
5.33
3.98
8.028
4.172
4.81
0.62
3.71444
4.88154
5.79143
12.18
5.2775
4.37154
12.6056
4.96667
4.57
4.25
7.88
8.98857
6.39
2.74333
4.76222
4.66429
3.77909
5.25462
2.912
5.2
4.2
5.4
2.192
3.54545
5.366
3.73333
2.955
4.29333
3.77
4.36
3.17429
2.30444
4.796
2.11
4.31667
3.82143
3.70455
3.89333
6.86
5.078
4.58333
3.50714
2.43667
16.29
9.025
3.77143
1.2
4.91714
2.79
7.85556
2.82
6.11
7.84
3.585
4.66571
4.08167
4.03889
4.38
4.26429
2.68333
1.64
6.2125
3.436
3.08333
3.82111
4.84
6.39
5.04286
6.105
3.708
6.08
3.6175
4.78143
2.91
3
4.342
2.925
11.0273
2.93364
4.355
4.24429
3.46
3.70818
4.66714
5.988
4.36364
3.27571
2.28889
6.38182
5.08286
6.09
4.10714
6.54
8.048
9.08
7.276
3.625
5.51308
12.0133
3.26667
12.4556
6.00333
4.77
4.485
4.28143
10.13
6.4
3.32
4.33
4.33
6.12333
4.63333
3.75
5.64333
3.21818
10.82
2.536
1.75
3.7
4.56364
4.64667
3.115
4.41714
3.532
3.67778
4.79556
1.882
2.97444
3.99222
8.29
8.29
5.206
6.34
2.65636
13.3022
8.13571
4.575
5.275
5.75714
5.525
8.27769
5.51545
3.12444
5.17143
5.28
1.824
3.22857
4.04154
4.83333
4.498
2.5
4.79
1.68667
6.81556
1.77
3.65
3.7175
3.855
3.5
3.71667
8.46
3.79
6.5
5.72667
0.81
5.92364
4.57857
3.956
1.962
2.95
10.5273
2.92273
4.418
4.31778
3.67545
4.84
5.895
4.8
4.18556
3.012
4.5
6.41333
5.9175
3.87
7.78
6.93727
3.72667
5.25
13.22
3.205
12.69
5.26571
3.08
8.07
2.875
3.71143
9.34667
6.89444
2.96667
5.06778
5.972
3.75
3.30571
3.15667
99
3.90462
2.07273
2.78111
4.7
4.83
3.64
4.28667
3.66667
3.63778
5.23571
2.95
3.5175
5.30333
6.24
5.51
4.64571
2.53909
11.4471
8.305
5.348
4.87
5.6
8.44769
2.91
5.66091
7.55
3.332
3.97154
4.54444
4.78143
4.42667
3.02857
2.48
6.80778
3.03333
2.58333
2.97571
4.568
6.17
3.745
5.65
3.48
6.36
4.8
5.64364
4.31429
4.8
4.46429
2.58
11.2
2.93636
4.5
1.75
99
3.67273
5.55
5.696
4.596
4.2275
3.71889
7.076
2.988
3.64
8.17182
4.394
7.7475
4.57333
7.03111
7.55333
3.39143
6.62444
7.764
9.64
4.41833
12.68
4.01333
6.60143
4.25667
99
3.134
7.5
2.25
4.88778
6.15
3.16667
5.65333
3.81111
2.03889
2.196
3.14714
4.85333
3.11333
2.58091
4.53667
4.24333
5.60333
3.68778
4.536
2.01
6.53
4.25
4.386
2.7
6.52
5.114
4.9
3.15
11.545
8.345
4.4075
6.45111
99
6.95
2.828
4.898
6.88
3.74
4.01462
4.70364
2.68857
4.4475
3.45143
3.99091
6.63667
1.63667
6.81556
3.54273
2.83889
3.51182
3.708
5.91778
4.81429
6.31286
3.40714
6.37556
7.656
4.11778
6.00364
3.51727
4.20714
4.474
2.33571
11.46
3.34556
3.46667
4.24
99
4.27
4.67333
7.16
4.52727
4.26889
3.34545
7.2
5.925
5.86333
11.2133
5.91
4.6175
7.92
7.71667
3.5
7.02571
3.36667
12.025
4.268
12.8778
5.41571
6.45714
4.0525
8.53545
6.4
3.22
4.20286
6.99286
3.974
3.95333
2.88
1.25
1.75
3.26
4.11222
5.36667
2.67091
4.07444
3.74
3.82778
4.01286
1.99
3.492
4.15
6.98333
4.67714
4.58333
2.885
12.5155
8.44818
4.3275
5.66
5.36667
7.90667
2.35889
4.98667
8.19
3.434
3.91846
4.624
4.00222
3.78
3.55909
1.5
6.9125
3.07143
3.46
2.736
4.05556
7.53333
6.29
5.31222
5.66556
6.15
5
6.09
4.25
3.81667
5.08333
2.61
11.6373
2.94
4.42
2.98571
3.64909
4.64
3.42333
5.88
4.57778
4.04889
3.32091
6.40455
7.38667
5.9175
4.04
7.13455
7.23182
3.765
5.90385
99
8.07
12.8
3.64222
5.30667
7.55667
4.0725
7.77333
7.14667
3.028
5.00778
6.58333
3.77909
4.35538
1.1
1.324
5.34538
1.07
2.94286
3.5
3.78333
3.908
4.57556
1.482
4.06111
3.5
3.77778
4.78
2.092
3.532
2.36111
5.31667
4.865
4.58667
2.80222
2.80222
14.26
9.92667
8.63818
4.7975
5.29
5.83
5.79444
5.5
8.27769
2.91
5.3
7.44857
5.02
8.51286
3.37
2.705
4.39
8.58333
4.12889
3.53
6.812
3.82333
3.69909
1.58333
6.78444
7.00857
4.04
2.905
5.05333
6.08444
6.10857
4.54
4.42857
5.57571
6.46
4.45429
5.89364
4.48571
4.495
2.04
11.62
16.4771
2.93636
4.92667
3.628
3.562
5.31
6.37778
4.18
4.715
3.28
2.36667
2.17143
6.39545
6.10222
5.85
4.1825
7.21333
6.28
7.79556
4.452
7.75333
3.37286
3.45
6.91667
11.665
4.59667
8.1
12.9571
4.94667
5.29333
4.25857
8.06
6.71
7.824
5.62333
7.625
4.58333
3.72556
3.164
4.51333
3.745
8.564
6.52333
3.6
4.26385
3.12308
4.99
2.232
2.16667
2.47571
3.79667
5.2825
2.54636
4.41429
3.25
3.57
2.92231
2
1.876
4.08333
3.60286
3.4
4.81538
3.075
3.9
3.07571
6.74
4.46556
3.17462
3.45273
4.77077
3.365
3.72571
3.00615
12.5855
8.65818
4.6
5.59
6.3425
3.92
3.784
8.83769
2.908
5.92571
11.1833
3.5
4.00455
4.36667
2.05111
3.72
4.32571
3.85182
1.66333
7.0975
3.71333
2.702
4.66833
3.29
4.164
6.03
2.82
4.76286
4.61364
5.08077
5.975
6.74571
99
5.54
4.428
4.42364
3.015
10.8673
2.93364
4.366
3.805
2.954
3.455
8.22556
5.22556
6.23444
3.89
4.86
3.30429
6.37727
7.6
6.35333
4.04286
8.05091
7.4125
5.3
4.57
11.935
4.70091
12.7171
7.43
6.16667
14.52
4.175
8.408
6.4
2.96
3.5875
7.5
3.93
4.84333
2.93846
2.25
2.104
3.50727
4.06667
4.45
2.55909
4.07444
3.89
3.70778
4.52
2.68
3.536
4.7775
9.83
5.27429
4.16667
4.52
2.84
2.88333
12.5055
9.175
6.33
4.64
5.63
5.06111
10.8529
8.42769
2.946
5.944
7.50333
4.01571
4.23444
3.805
5.35714
4.524
3.96556
3.72857
4.3225
1
7.36
4.02
2.47143
1.75333
4.17143
7.815
3.694
6.33
6.39556
4.25143
4.41778
3.75
5.48364
4.5
4.38571
4.83778
3.716
10.4773
2.93364
4.33
2.62
3.228
3.604
4.425
5.908
3.70889
5.7
4.625
3.7
3.45182
6.45
3.76
8.16
5.895
4.2575
8.36182
6.95364
3.875
5.82462
13.84
4.47
12.78
5.53571
5.09571
5.07444
5.695
2.72
4.44571
7.86538
6.4
3.19
3.32
6.16444
5.69429
4.16667
4.12667
3.00385
2.99
2.1275
2.188
2.9875
4.81
4.65636
4.37333
2.68571
4.705
2.572
3.72667
3.70333
4.68667
2.34
3.43111
3.37333
3.71556
6.18
5.176
99
2.69909
3.12167
10.945
8.14333
12.2822
5.35556
4.82667
5.65
5.26111
8.99769
2.93
5.51364
8.56
3.75667
4.04667
5.16143
3.94333
3.92286
5
1.82
6.76111
3.60636
2.918
3.31833
4.264
6.14
4.15
4.2
5.74556
6.89333
4.09714
2.46
3
6.01571
2.67333
10.7673
2.93091
4.50778
4.41364
2.43
2.67
7.42
5.3
1.25
7.75
3.51286
3.66333
3.69
6.74
6.0225
4.19
7.83818
6.992
3.33333
6.40667
11.795
4.48833
12.195
5.46333
6.02
6.94667
3.02333
4.1075
8.50364
6.125
3
5.625
7.43
1.57
3.565
4.36
4.1
2.04667
5.855
2.184
3.56182
4.36833
4.625
3.536
4.04111
3.496
3.59778
4.644
1.912
3.42091
3.31167
3.67909
6.27
5.7
5
2.88167
12.5055
8.155
4.595
6
5.19444
8.18769
2.94
6.29
8.25286
3.59222
3.99308
4.834
4.4475
4.12857
2.5
1.5
6.77667
3.71455
2.924
3.43182
3.29167
4
4.93714
4.48
5.74556
5.62667
4.12
5.82364
4.57143
4.22
2.66429
11.2473
2.718
3.66667
3.8175
3.94444
3.5
4.92
5.265
4.96667
4.07
1.5
5.18
6.44091
5.13286
5.47143
4.7225
7.83818
7.10909
3.388
3.72889
5.82429
13.19
4.176
12.92
5.47571
4.645
3.66667
3.75
7.85
6.4
3.1725
4.66111
6.34333
3.5
4.31231
3.10769
2.624
1.75
3.13857
5.04333
3.91667
2.56
4.06444
3.84667
3.98143
4.16667
5.93571
1.738
3.84
3.984
99
3.5
4.89
2.89167
11.44
8.155
4.785
8.89
5.9
8.62
3.25
6.07
10.32
3.01143
4.18167
4.258
4.65429
4.14
5.51
3.83571
3.724
1.54667
6.72222
3.56818
2.56667
2.92273
4.09
5.52714
4.28556
5.44556
4.37143
5.6
6.48333
3.24714
6.305
5.5
8.14
2.91
11.0373
2.93091
3.59714
4.16667
3.93
3.67636
4.77333
5.94
3.735
4.44778
3.06
6.904
5.25
13.2167
8.05
3.65857
8.1
6.995
4.112
5.91667
11.745
4.57167
13.4514
4.16
6.61143
10.02
4.06
7.86923
7.32857
2.52
5.62667
7.5
3.78727
4.92615
3.78
4.17667
1.792
2.28
3.65778
4.61111
4.50222
2.70636
4.11
3.54
3.4325
7.26333
3.05
3.41
4.04545
6.25
9.75
4.5
5
2.84
13.17
7.17667
8.95
5.23
6.96667
8.64818
2.62
7.14
8.49
2.61444
4.088
4.07
4.58333
7.75
4.465
5.81
3.13333
4.16
1.58
6.97143
3.58091
5.08
3.032
3.26667
3.775
6.45
3.96667
6.14556
6.59556
4.14444
5.26364
4.71429
4.66667
4.52778
2.835
10.92
2.93364
4.29
2.75111
3.596
3.936
3.92333
6.16222
4.37273
3.2575
4.04444
6.49091
7.83
6.09
4.2275
7.41273
6.91273
4.304
3.72111
5.82857
11.5967
11.6522
4.47308
4.78333
12.98
6.046
5.284
8.98
7.01308
9.47
4.75
8.054
2.90714
6.4
3.02
5.05778
6.61667
2.59833
3.518
4.91
3.09429
2.13143
5.45462
1.96111
3.8
4.055
4.4
5.48889
2
4.08444
3.62333
3.52
6.41667
3.91
4.816
2.026
3.5
3.105
99
5.27857
3.592
5.21778
3.26333
2.875
12.7555
7.69818
4.675
5.56857
4.64667
8.615
3.076
5.76
7.67667
4.125
3.94462
4.10714
4.12889
2.31333
3.73727
1.5
6.62143
4.62
2.99
3.47091
4.305
5.70333
99
5.2875
2.525
6.305
6.44
6.02857
4.20333
7.32
4.51
3.74
5.46143
2.01
11.1173
4.758
5.43667
2.92833
4.14222
3.06
4.52222
3.46
5.14
8.99
7.58
4.13333
4.20222
3.36455
6.48636
9.54667
4.704
6.078
3.33571
6.25
7.43333
7.065
3.73222
5.82571
12.66
5.415
12.66
5.13333
6.48571
4.324
5.875
6.4
3.0525
4.284
4.99714
5.71545
3.81364
4.75923
3.34636
5.60667
2.4
2.5
3.83333
3.666
4.72
1.19
4.774
4.322
3.96429
5.044
2.42
3.494
3.60455
4.032
9.68
4.83333
4.408
3.08222
5.01
16.25
6.905
4.33333
6.06
4.982
4.735
9.08857
5.58857
2.956
6.35
7.80286
3.678
3.5275
3.93923
4.75
3.972
7.284
4.10714
4.42
6.29143
1.84
7.06
3.68273
2.786
3.24667
4.12
9.23
4.26222
5.295
6.64
4.625
5.27
5.4
6.46667
2.535
11.0773
4.356
2.84818
4.406
4.74714
3.72143
3.66545
6.36
12.26
6.13091
6.16364
4.67778
4.26889
3.36455
6.44091
4.71
10.9909
5.925
3.78857
3.912
7.50727
8.13273
7.13364
4.105
5.91077
12.265
4.54667
13.0289
7.64
6.69889
4.155
6.55
3.91429
7.86538
4.42429
3.50857
4.76
99
4.846
4.13333
2.312
2.10429
4.97889
2.168
3.54818
3.76
4.075
2.635
4.205
3.502
3.71778
4.77
1.966
3.546
3.71444
3.23364
3.06333
6.3
5.136
4.58333
4.25556
3.34364
3.14
13.3722
8.9
4.5
5.33286
5.486
8.03769
2.938
5.65273
7.36286
3.18909
2.92
4.12833
4.24
3.94222
5.004
3.39143
4.55833
2.14333
7.156
1.64333
6.69111
4.20909
3.005
2.876
3.25667
4.76
6.31
2.97
4.41778
4.556
5.584
5.73
6.35556
4.19111
5.67364
4.42143
4.49667
3.24455
2.31
8.97
3.99778
11.72
2.814
3.05222
4.13909
3.5
3.64364
5.23714
6.212
4.618
3.9
4.09556
3.4
6.39545
2.6
5.644
5.952
3.17
8.21455
6.94
3.73333
4.60909
14.71
11.8918
11.9322
5.2375
13.2814
5.21857
6.51429
7.25231
3.74667
4.24571
6.95818
6.125
3.616
3.27
4.75
5.93909
4.27333
5.94
3.03857
2.15714
2.116
3.7
4.47556
3.32
5.05714
4.90857
2.32
4.09778
3.63455
4.16
3.876
2.638
4.616
2.43
4.4
2.78714
9.71
4.8675
4.9
6.7925
3.18556
12.6555
7.81818
4.4125
5.71
5.565
8.32769
2.942
5.93091
7.62286
4.35
3.92308
4.276
3.89
3.87
4.53
4.36727
1.5
6.27333
3.06667
2.99
3.45909
2.6125
3.47222
5.41667
4.19
6.854
4.4925
5.86556
6.61143
6.61143
4.87857
5.42364
4.49545
4.4125
5.98
1.602
11.1273
3.24889
3.565
1.49
3.49111
7.45
5.68222
3.5
3.97556
2.77
6.4
4.78
6.03
4.17143
8.21455
7.23182
3.76
6.08923
12.425
3.94222
13.05
5.33857
6.47143
3.85429
7.79615
6.4
3.18857
3.26
5.9
1.75
5.25333
3.37143
1.9925
3.65
3.89636
1.48
4.11333
3.79778
3.43714
3.62727
2.554
4.03778
3.125
4.51333
4
1.66667
3.5
3.09
4.24778
3.94667
9.33
4.8175
4.375
2.88333
12.4455
7.79
4.42571
6.61
1.37
3.25
8.60769
2.95
6.80833
8.10333
5.41
3.304
4.075
4.468
2.91667
4.23
6.51
4.505
2.99727
6.98
4.41333
1.82667
6.84667
3.57455
2.81364
2.50818
3.245
2.99833
4.44818
4.07
4.67857
5.535
6.07556
4.32778
3.93909
5.87
2
4.44286
6.95889
4.63
2.83333
11.6673
2.81
4.18333
3.84444
3.45714
1.78333
4
5.34
6.092
5.69286
3.875
2.87
6.49091
2.35
6.0225
4.07
8.34545
7.444
3.7725
5.47182
11.06
6.67
2.42
12.71
4.73333
6.47857
4.08
3.77111
3.43143
7.83077
6.4
3.1325
6.69
7.23286
3.83455
4.90333
3.232
5.85
2
2.28
3.22333
4.03333
4.03333
2.61364
4.07778
3.526
3.72444
4.73889
2.122
3.442
2.376
4.98
99
4.06
2.68
3.87143
3.285
3.392
99
8.26818
4.47143
6.505
5.65714
3.12667
8.835
1.826
6.45444
8.16286
3.22889
3.99308
4.396
3.90444
6.02
4.69714
1.65333
6.028
2
1.95
3.5075
3.5
4.77857
6.31
4.51111
5.39556
6.35556
4.222
3.69286
6.27
4.35
4.04714
3.77
10.325
1
3.535
4.3
4.036
3.91
5.38
7.11
5.09
2
1
5.4875
3.78556
5.40556
6.435
5.68571
4.0625
8.29636
6.79818
3.73889
5.83692
11.985
13.61
3.47556
11.74
5.57857
6.50714
4.1
6.95571
6.4
3.1325
3.23
5.936
1.75
6.17333
2.226
99
6.28333
2.48333
3.09
4.1
4.54167
2.34
4.09111
3.546
2.73
3.45
1.828
3.44
3.052
6.21
3.41667
4.73714
2.88667
12.69
8.29818
4.75
5.92
5.27778
8.74769
2.94
4.98182
7.59
3.70556
4.00385
4.342
3.89778
3.77571
4.22
3.148
99
7.64286
2.88
2.81111
3.52273
3.87
3.11
4.38667
5.70556
7.04
1.23
5.655
5.09
3.72692
4.60667
2.775
11.3073
2.92818
4.975
1.862
4
5.2
6.088
4.12444
4.49
99
3.35636
6.43636
6.25222
5.985
4.565
8.23091
7.24818
3.69556
5.60267
5.48571
10.0533
3
12.4843
7.68
8.83
6.94889
4.17
6.90333
7.678
3.958
4.83778
6.26091
3.968
5.23
3.78077
2.84571
5.16
2.4
1.61333
3.55545
