4.18256
3.26772
2.25292
5.2972
2.33277
3.25642
5.74007
5.16446
3.38605
3.63809
4.98829
1.99894
4.6863
1.61841
4.12463
3.89469
6.65417
4.83289
6.51281
2.86766
3.44902
3.55402
5.09151
3.1395
3.08127
2.9475
2.33347
3.89958
3.50634
4.35511
4.20198
5.67116
3.75215
3.06517
2.31403
6.48525
2.21524
2.58085
5.70253
2.67789
3.00043
3.55128
2.36035
5.99466
2.04782
3.32147
99
2.87701
3.12966
5.79622
4.19143
3.08311
4.00181
3.42593
3.12841
3.90725
4.02735
4.33002
2.0995
4.49236
5.04347
3.98945
9.21398
3.03742
6.78951
3.91801
8.39192
3.97543
7.36863
4.64937
5.50232
4.41449
6.22265
3.76947
4.7214
9.47159
5.74248
9.48173
10.4618
4.3001
6.37174
2.87985
7.72968
4.13293
5.93356
1.31744
5.06098
3.98
3.84323
2.47874
6.33456
3.45033
4.05523
1.96326
3.72671
4.9008
3.5879
2.9652
3.38528
3.71503
3.32788
5.90302
4.79929
4.41602
3.63759
2.20366
4.01874
2.72062
4.75793
2.18803
6.27827
4.30395
2.82088
6.65417
4.0867
4.81869
2.68999
2.17359
4.52942
4.25732
3.00066
2.38408
3.78913
4.01249
3.83896
4.20198
5.46439
8.03794
3.16963
2.31403
6.22327
3.12975
2.89989
3.28434
2.84824
4.15788
3.03515
6.20736
2.13918
3.40536
5.37922
2.60686
4.55883
5.45411
2.49837
4.30145
2.25467
3.90725
4.61737
2.51182
2.93307
4.77216
3.78965
3.98945
3.03742
6.35495
0.589254
3.97543
7.5632
4.64937
5.02449
4.14428
6.40097
5.08229
9.74138
9.48173
6.24836
5.79909
2.48133
4.00394
3.64331
7.16184
7.70659
4.78669
2.29068
2.47176
4.30964
5.11163
5.11398
3.98
3.84323
2.16845
3.41678
2.52809
3.72896
4.4187
3.58526
3.2882
4.78997
3.43684
3.25642
1.08846
3.70308
2.98386
4.84817
1.99894
4.89055
5.16084
3.45038
5.2695
4.8883
3.50212
2.80416
3.20468
4.78953
2.93833
7.04568
3.06299
3.34814
3.50634
3.83896
3.27229
5.84102
2.19458
2.97196
2.31403
6.27647
3.75206
2.87252
3.46917
3.00043
3.9585
7.14863
3.63492
2.16414
3.24347
5.09648
2.60686
4.55883
4.61429
2.2407
3.63132
2.87721
3.90725
4.32431
7.21717
3.64567
2.50549
4.85245
3.73342
3.27182
2.84585
6.30234
3.91801
4.49807
7.36863
4.15223
3.48342
5.50232
4.14428
6.33374
5.16325
4.48967
8.09391
5.15053
9.96515
4.88228
5.29017
5.22457
3.33945
3.10322
7.04309
7.63352
3.70672
4.02577
4.48404
4.03509
4.07398
3.88104
2.92827
3.53405
3.78496
2.12015
3.78809
4.18256
4.0803
3.96792
5.2972
2.33277
3.25642
5.61735
3.38605
3.63809
4.60032
1.99894
5.5653
4.63121
2.74982
3.03943
2.4868
4.75904
5.062
4.8883
4.61979
3.20667
3.11684
6.40685
5.81112
3.91686
4.48594
3.08127
2.9475
3.24822
3.50634
3.83896
4.20198
5.67116
5.58799
3.32845
2.31403
7.36059
2.77415
2.89989
4.6935
3.28434
3.33243
2.59718
6.20736
2.04782
3.49385
5.51022
2.83586
3.9529
3.57183
2.42827
3.63132
2.87721
4.02864
2.24928
3.57373
3.36217
2.75003
2.65004
3.72749
4.67423
4.12481
3.98945
3.03742
6.70077
3.62263
4.10186
7.42515
3.05907
3.15378
6.20879
5.70355
5.54306
4.70689
6.22265
4.7214
7.55543
9.48173
6.24836
6.08041
3.64331
7.34804
7.65474
3.70672
1.31744
5.09888
3.23467
4.92856
3.39718
2.51935
99
4.19871
3.02598
4.18256
4.01927
3.17316
4.69104
3.22134
3.25642
5.95557
2.26995
3.38605
3.63809
4.60032
2.18803
6.15886
4.63121
3.9048
4.4576
6.52617
5.30792
4.21683
2.84684
2.47184
2.33477
4.48594
3.08127
2.56462
3.34814
3.43205
3.83896
2.49703
4.07647
5.67116
4.28057
2.45788
2.47404
6.52439
3.12975
5.39574
3.02496
3.28434
3.00043
2.37636
6.13394
2.22869
2.96754
3.40536
6.80437
3.68345
2.67948
4.55883
3.85529
2.64599
4.07766
3.12841
3.90725
3.30485
3.57373
2.50549
5.03332
3.14325
3.85079
3.65345
6.34929
1.63093
4.18842
7.14603
4.64937
5.50232
4.00892
6.13443
4.47683
7.10615
9.48173
6.25929
7.12175
3.64331
8.62578
7.64317
3.70672
2.60219
5.02185
3.98
4.47893
3.13078
2.48465
5.5905
2.69
2.52809
4.22427
3.02598
4.77022
3.64854
2.7758
4.78997
3.19413
3.34412
4.85922
3.38605
3.63809
4.84817
2.94441
5.2761
5.38431
1.23082
4.26942
4.7807
11.7961
5.062
4.8883
4.99152
4.61979
2.47201
2.83018
5.09151
5.279
3.08127
2.9475
3.6911
3.47652
3.20789
4.09494
2.53745
4.66975
5.84174
2.72993
2.97196
2.31403
3.74821
6.60089
3.69174
2.71169
2.95592
2.99998
6.23721
99
6.20736
2.04782
3.40536
5.12976
2.78242
3.98477
6.19494
4.61429
3.25087
3.42593
3.12841
3.90725
3.72282
3.64567
2.50549
5.1663
5.18092
4.12351
3.74236
3.03742
5.07221
5.16832
9.94256
99
3.97543
7.94006
4.85118
5.64049
4.14428
6.40097
4.7214
8.09391
9.48173
3.28165
10.0437
3.62555
5.22457
3.64331
7.16184
7.68881
0.933132
4.95992
2.47176
5.28047
3.98
3.49086
2.56761
3.67278
3.09884
2.52809
5.01603
0.792282
4.52068
3.74686
2.76383
4.69104
2.33277
3.6765
5.16446
3.38605
3.63809
4.56644
1.99894
6.27827
4.92067
3.62185
3.86633
4.50115
5.97049
4.48671
2.80416
3.4249
3.02181
4.14821
2.66027
3.40386
3.24822
4.98094
2.65779
4.12612
4.06294
5.67116
2.32356
3.10615
2.31403
6.16089
2.94856
2.89989
3.28434
3.09614
7.53202
4.45498
6.20736
2.04782
2.66003
3.36479
4.76599
2.69928
4.55883
3.57183
2.34861
3.88347
2.29134
4.24904
5.5491
3.11264
2.50549
4.85245
1.20606
3.74236
3.03742
6.30234
3.91801
3.97543
7.5632
4.84224
2.98289
3.53378
4.13699
3.93091
3.95714
5.76842
4.81162
4.28676
9.48173
6.24836
5.22457
3.69046
7.16184
3.95257
7.63352
4.10483
2.47176
7.06544
5.13824
3.98
3.84323
2.47874
3.08339
99
4.225
4.52068
3.74686
3.16383
6.28809
4.69104
3.84737
3.21326
5.16446
3.38605
3.97426
4.60032
1.94893
7.29505
5.33147
2.96151
4.63121
3.12228
6.2012
4.26178
4.8883
4.21683
3.31292
3.20468
4.12286
3.08127
2.99877
3.74751
3.5138
4.44614
4.31795
5.9987
4.16966
3.20223
4.44446
2.31403
6.52439
2.46856
3.05439
3.46919
3.00043
3.85867
3.65546
6.74547
2.24752
3.40536
4.58919
2.82571
4.15704
4.45306
3.40072
5.98506
2.7866
2.42976
2.94273
3.15717
3.76552
2.87721
3.90725
1.4628
4.14184
6.46909
4.92936
2.90189
2.50549
4.77216
3.9969
4.11281
2.78268
3.41633
5.95215
2.73942
5.55281
5.04809
5.20593
4.64937
5.50232
3.21911
3.58688
7.08482
4.26367
5.52893
3.7177
8.99762
9.96515
10.6117
6.93151
4.29382
5.22457
3.55953
1.39173
7.16184
7.63352
3.70672
2.40723
4.53111
2.74978
4.10501
1.99169
3.08339
2.52809
3.72896
4.52068
4.06696
3.74686
3.4163
4.69104
3.19413
3.25642
4.45582
3.38605
3.63809
3.32711
2.18803
5.5653
4.63121
3.30799
5.18678
5.30792
5.82666
3.01426
3.55402
4.78953
2.96914
5.1195
2.9475
3.97465
3.24822
3.50634
3.83896
4.07647
5.67116
3.75215
3.36257
2.31403
6.27317
6.28296
3.24944
3.77669
3.17605
3.09614
4.2996
2.69076
5.55471
1.43856
3.40536
5.5958
2.60686
4.55883
3.6954
2.32496
3.63132
3.12841
4.04234
3.63814
4.1939
4.01466
3.10654
4.77216
4.35841
3.98945
3.03742
6.30234
3.91801
4.10186
8.67505
6.42841
5.50232
6.72806
3.95714
5.96904
4.7214
7.27615
8.91203
9.46063
4.3001
6.08041
3.68185
3.64331
7.22882
7.63352
3.70672
2.47176
5.09888
3.32108
3.83686
2.47874
3.36543
2.2567
4.20919
4.87067
3.64854
2.66525
5.02357
3.495
3.25642
5.16446
3.87679
3.63809
4.60032
1.99894
5.5653
4.63121
3.87774
5.95801
5.07562
5.24494
3.22705
2.80416
3.88915
4.48594
2.66027
4.02357
2.92209
3.78913
2.56047
4.0639
2.79246
4.25067
5.67116
4.80871
2.68103
11.9059
2.47404
6.22327
3.12975
2.79807
5.68361
3.28735
3.00043
3.86644
5.55471
1.84416
3.40536
7.3567
2.34061
3.83014
3.49159
3.16211
7.3907
3.35868
3.8744
2.88872
3.84154
4.46568
3.64567
2.50549
4.64319
5.50211
2.78816
3.60645
4.06962
3.03742
6.17877
5.48131
2.40595
3.97543
7.5632
4.64937
5.54306
3.78316
7.51734
4.37594
8.83239
9.46063
4.0143
6.24836
5.22457
99
0.879226
9.85804
7.05657
3.46721
2.76933
5.34078
3.98
3.84323
2.77733
2.32551
2.52809
3.46199
4.15554
3.26772
3.02323
4.5132
4.69104
3.27919
3.25642
5.22767
3.66021
3.63809
6.08166
2.77426
2.24894
5.5653
4.63121
6.08432
4.55921
3.26821
4.83919
8.1876
4.8883
4.21683
2.80416
3.6691
4.33013
3.08127
2.9475
3.24822
2.86247
3.83896
4.20198
5.67116
3.55647
4.28057
3.10615
2.31403
6.62821
3.12975
2.89989
3.28434
3.00043
3.79296
6.36014
2.04782
6.24359
3.36479
5.5958
2.20115
6.19494
3.57183
2.32496
3.42593
9.80847
3.12841
4.00526
6.2501
4.83558
3.36029
4.77216
3.9969
3.98945
2.99798
6.30234
4.63375
7.95765
4.33782
7.51149
5.08454
4.64937
5.3827
4.14428
6.40097
4.7214
7.90728
9.23841
5.59727
4.64534
4.3935
4.7178
4.28511
7.34804
2.0924
7.62241
4.16003
1.0282
4.85811
5.70175
3.86628
2.80428
2.87086
4.19871
0.496606
6.15142
4.68759
2.53837
4.69104
3.19413
3.25642
5.16446
3.38605
4.00699
6.06698
2.94441
5.5653
5.72365
4.63121
6.41127
3.39851
4.01302
4.8883
4.64598
4.93552
3.01836
5.49896
4.48594
3.08127
2.9475
3.34814
3.63293
3.47905
3.22329
5.67116
4.80871
3.58348
1.5828
6.60089
3.65954
2.89989
3.46932
3.00043
3.85867
6.20736
2.04782
3.49385
5.5958
4.28028
4.0257
2.60686
4.55883
3.57183
2.32496
3.88961
2.63627
7.02041
4.24701
4.23495
3.64567
2.50549
3.70707
4.77216
4.23477
3.98945
3.03742
6.70077
3.22557
3.62263
5.04809
7.92516
4.64937
5.50232
4.14428
6.18059
5.20338
4.03699
10.4779
6.24836
5.48039
4.44787
8.04309
7.63352
3.70672
2.76933
4.99619
3.98
3.84323
2.56761
2.87086
2.52809
3.72896
4.13485
4.11689
3.74686
2.24996
4.69104
3.19413
3.47591
3.81769
3.38605
3.63809
4.5177
1.99894
5.5653
4.63121
1.82955
5.33124
4.8883
4.21683
2.70735
99
14.2754
5.45197
3.16186
2.99197
3.24822
3.50634
13.9759
2.18114
4.66975
3.94937
4.24516
3.86411
3.90645
1.99399
6.52439
0.999991
2.89989
3.46917
3.00043
3.99261
6.20736
3.69886
2.04782
2.82522
7.32839
2.60686
4.55883
3.57183
2.32496
3.63132
2.88733
3.87817
4.1939
3.50929
2.76432
4.77216
3.9969
8.1203
4.06962
3.03742
3.78725
6.30234
4.74339
3.3143
7.51149
4.64937
4.30862
4.09857
5.75454
4.7214
12.2196
9.23841
6.24836
5.22457
3.69046
4.27229
16.3581
9.02273
3.6356
2.47176
4.48404
3.98
3.84323
2.47874
3.08339
2.52809
3.46199
4.77022
3.90526
1.12753
4.69104
3.22134
3.25642
3.20462
5.31357
4.54985
3.38605
3.63809
4.60032
2.18803
5.5653
4.63121
3.38544
5.062
4.8883
4.61979
2.80416
3.55402
4.48594
3.08127
2.9475
4.02221
3.23955
3.31965
3.83896
4.20198
6.67443
4.39594
4.66553
3.90386
1.99399
5.8606
3.12975
2.89989
3.28434
3.11833
3.09614
3.85867
5.40929
4.12539
3.0891
4.28524
3.24347
6.80437
4.52243
2.64729
6.36622
4.11923
3.3954
99
3.54666
3.01646
3.90725
4.1939
3.50929
1.89448
2.0995
4.28972
1.25801
6.44097
3.72444
3.27775
6.48458
2.51527
10.3796
2.90277
7.51149
4.99537
5.50232
5.29746
3.99362
6.94401
12.5618
4.24456
0.482371
7.76946
8.68604
6.24836
4.45855
4.44787
7.16184
7.64317
3.1306
2.40723
5.09888
3.62106
3.58615
2.75462
3.29992
2.11044
0.496606
4.18256
3.99039
3.07821
4.69104
3.3752
2.89982
5.16446
3.38605
3.6015
3.04036
5.3785
4.69729
3.97556
2.74397
99
4.92039
3.00782
3.26821
5.062
5.30792
4.61979
2.48887
2.68999
8.01122
3.13755
4.48594
3.08127
2.92209
3.24822
3.82933
3.50634
3.16476
4.07647
5.67116
4.49926
2.71322
2.31403
6.52439
2.86283
2.89989
3.87942
3.28735
4.33052
3.22421
2.12068
4.88807
6.13394
2.35893
3.00558
3.21638
7.3567
3.23932
4.45306
3.0862
2.42827
3.63132
2.87721
4.33279
3.90725
4.02097
3.51773
2.50549
4.77216
4.74937
3.8303
4.18424
2.70915
6.30234
6.7235
4.63114
3.93663
7.58732
5.38298
5.13471
4.00892
5.01567
6.82958
4.75634
0.935406
8.37994
9.48173
6.24836
4.07678
2.87985
7.12873
7.63352
3.70672
2.76933
5.51048
3.6422
3.46856
2.8568
99
2.32551
2.52809
2.82138
4.51112
3.64854
3.36174
3.90595
5.18302
2.49316
2.61432
5.95557
3.66021
4.4715
2.83018
4.60032
2.18803
5.291
4.07938
4.39331
3.26821
4.83919
4.8758
5.07562
4.61979
2.80416
3.55402
4.48594
3.08127
2.9475
3.24822
3.88879
3.83896
4.20198
5.67116
4.28057
2.98463
4.15504
2.31403
5.8827
3.75206
3.02213
11.5814
3.28434
2.01191
3.16718
6.20736
2.13902
3.36479
3.90738
5.5958
2.11575
4.2859
3.8469
3.92193
3.63132
2.23293
3.90725
4.52609
3.68624
3.10654
4.77216
3.6816
4.49197
2.87897
6.17877
4.01016
3.91801
3.97543
7.5115
4.64937
5.39555
4.4695
6.76571
4.7214
5.18253
8.46272
9.18425
3.44722
5.29017
3.08498
3.89747
2.36576
6.44703
4.21009
9.96469
2.48327
7.29674
2.81862
2.17704
3.89208
3.71456
2.80428
4.1443
1.96326
4.42745
5.11394
4.04185
3.73412
3.88984
3.19413
6.73883
3.25642
4.3528
2.20201
1.98734
4.5205
5.3713
2.18803
4.92039
4.36643
3.26821
5.062
5.37639
4.61979
3.01836
99
4.25732
3.00066
2.74703
3.24822
3.50634
3.83896
4.20198
5.67116
3.72394
3.37096
2.88524
6.43672
3.59687
2.89989
3.51484
3.24749
2.59718
7.14865
2.72072
3.40536
5.5958
1.35168
1.64548
4.07963
3.49159
2.48812
3.63132
2.87721
4.02864
99
3.26497
1.50373
5.03273
3.8584
3.98945
2.84585
6.30234
3.72436
3.92146
7.5632
4.64937
5.50232
4.14428
6.40097
4.81162
7.55543
9.48173
6.24836
6.55185
4.43687
4.18338
7.16184
6.8023
3.74686
2.47176
4.59165
3.32108
3.49053
4.38222
1.33112
3.08339
2.52809
3.78809
4.15554
3.74686
3.05555
5.2972
2.75021
3.48853
3.08839
3.38605
2.83755
4.89371
2.18803
5.22387
4.34175
2.66398
8.15496
4.27866
4.34936
2.48353
3.2225
4.48594
3.08127
2.9475
3.34814
3.5138
4.44614
4.31795
5.67116
3.75215
3.10615
2.31403
7.36059
2.77415
2.89989
3.48026
3.30711
4.41264
2.58576
5.55471
0.708875
3.40536
4.76599
2.92588
5.19627
3.58614
3.39443
1.9816
3.63132
3.11113
3.37211
4.3543
3.64567
2.50549
4.77216
3.6816
3.82489
2.87897
6.30234
3.05325
3.93663
6.79983
4.64937
5.50232
3.95714
6.22265
4.48967
5.17753
8.09391
9.53874
99
8.80067
2.36119
3.98812
7.16184
9.02273
3.96197
2.47176
4.42096
3.98
4.43705
3.01141
2.47874
7.84044
3.08339
2.52809
3.72896
4.52068
3.55872
2.97389
4.69104
3.19413
3.25642
5.16446
3.92787
3.63809
4.60032
1.98009
5.83959
5.87982
3.58903
3.94671
99
5.72928
4.50722
2.80416
2.83018
4.14821
3.08127
4.21526
3.02185
3.24822
3.50597
3.83896
4.20198
5.77265
3.01444
2.90884
5.29546
2.31403
6.76655
3.27144
3.25137
3.05161
3.51484
3.00043
2.64422
5.98434
2.04782
3.40536
5.5958
1.27893
3.81128
4.31062
4.05259
2.64165
3.63132
3.89862
2.91588
4.02864
3.73196
3.64567
2.50549
4.77216
4.12481
5.1723
4.11734
3.32935
6.30234
5.39804
3.91801
3.97543
7.5632
4.64937
5.46936
4.76715
6.07194
5.08229
8.99217
9.48173
4.73023
5.22457
1.30583
2.9549
7.22882
8.10051
2.37062
2.47176
8.04811
5.25141
3.61861
4.00293
2.4752
2.18509
2.52809
3.43468
4.20919
4.23466
4.88773
3.83843
2.09853
4.14689
2.99202
3.25642
5.19256
3.38605
3.63809
5.44013
1.49793
4.11104
5.5653
4.56667
3.26821
4.70269
5.37639
4.61979
3.01469
3.55402
4.48594
3.08127
2.9475
2.05735
3.50634
3.00891
4.07647
6.53099
2.5209
3.10615
2.47404
6.22327
3.67446
2.95655
3.36215
3.00043
3.79296
6.20736
2.04782
2.85076
5.51022
4.54785
2.60686
4.55883
3.57183
2.09682
5.48164
6.65284
3.63132
2.87721
3.90725
4.2366
4.31167
3.64567
2.42745
4.77216
3.87235
4.24234
3.03742
6.10954
4.18331
4.32688
6.79983
4.18056
4.78317
4.9416
4.14428
6.40097
5.19261
5.01298
8.09391
7.21246
9.48173
6.24836
5.22457
3.98812
1.8793
4.52904
6.9768
7.63352
3.70672
3.54033
5.02185
3.98
3.84323
2.47874
3.19567
2.52809
3.02598
4.52068
3.74686
3.02323
3.94426
5.02357
3.19413
3.25642
5.16446
4.47561
4.17651
3.63809
4.60032
2.44441
5.5653
4.63121
4.15271
3.99566
4.8883
4.61979
2.80416
3.20468
4.20575
3.08127
2.9475
3.6911
3.50634
3.83896
4.29571
5.84174
4.28057
3.10615
2.31403
6.52439
99
2.86212
3
2.57636
2.85789
4.31088
5.99466
3.77282
2.04782
3.40536
7.0619
2.60619
2.67948
4.55883
3.62274
2.79485
2.32496
3.63132
3.27063
4.46305
4.1939
3.90323
1.80454
4.77216
3.9969
7.57409
3.98945
2.36213
5.75509
4.48888
3.97543
7.5632
2.69307
4.45965
5.79844
3.70082
6.40097
4.59828
7.66118
9.96515
3.97668
6.24836
5.30595
4.78297
3.64331
7.16184
8.31745
2.37062
7.03047
2.76933
99
3.64239
3.98818
2.05854
5.27551
3.91771
2.52809
3.72896
4.19453
3.74686
3.38852
7.70094
2.94927
3.75809
4.85922
3.38605
10.3774
3.52577
2.70999
2.94441
5.5653
4.63121
3.26821
5.062
4.8883
4.61979
3.01426
2.83018
4.84743
3.10339
3.56008
3.24822
3.7875
4.25133
4.1636
5.67116
5.58799
3.32845
2.31403
5.55395
3.12975
2.89989
3.20119
4.52646
3.11026
2.4025
4.29169
5.64908
0.921565
3.40536
4.53124
1.98839
1.46534
3.57183
2.32496
3.63132
2.29437
3.98593
2.41048
4.02735
4.11958
2.51664
1.22485
5.04347
4.13116
2.84023
3.49171
6.30234
6.43696
3.97543
7.5632
4.71986
3.49999
4.12857
6.33374
4.7214
8.09391
9.05925
3.40742
3.82393
4.45855
3.01847
4.22982
7.34804
7.20635
8.61972
3.70672
2.47176
5.26163
4.23492
3.58337
4.63481
2.64145
3.08339
2.52809
3.46199
5.56397
3.85556
3.02323
4.69104
3.19413
3.25642
5.61735
4.1743
3.38103
6.06698
3.89206
2.94441
5.75073
5.16084
3.26821
3.93359
4.40241
4.47513
4.61979
3.38961
2.80416
3.20468
4.48594
3.08127
2.9475
4.23828
3.34814
4.48895
3.50634
3.83896
4.20198
6.28074
3.86411
3.10615
2.31403
5.63057
5.14109
2.89989
3.28434
5.13859
3.09614
3.56528
3.79296
6.98091
2.89984
2.72072
5.74892
3.40536
5.5958
1.89329
4.2859
3.57183
2.36028
3.88961
2.87721
4.41063
4.31167
7.07123
2.91127
2.50549
4.50895
5.04659
4.66288
3.98945
4.61604
2.8297
6.78951
3.91801
3.97543
7.5632
3.47497
4.61073
5.50232
4.14428
6.40097
5.19261
14.0172
9.48173
6.24836
5.22457
4.19186
3.67456
7.16184
7.65474
3.70672
2.4637
6.53101
3.98
3.49086
1.90814
4.1443
2.52809
2.74677
4.15554
3.5517
2.91736
5.03997
2.99202
3.25642
6.79835
3.98531
2.36987
3.38605
3.28255
4.60032
3.78946
2.18803
4.89055
4.63121
3.29002
5.34684
3.86633
4.89003
4.23355
4.19705
3.40346
3.55402
3.56465
6.01541
4.48594
3.08127
2.9475
3.24822
3.50634
3.87612
5.36435
6.08724
3.75215
3.10615
2.31403
3.31574
5.48084
2.84648
2.94334
3.28434
3.24749
3.9585
6.98223
2.24752
3.40536
5.5958
1.89329
4.2859
3.49165
2.57775
3.35158
3.38734
3.13794
3.90274
3.98099
3.76387
3.05497
3.71007
3.32864
4.77216
3.9969
4.11281
3.03742
4.11967
6.08848
3.25831
3.97543
7.5632
4.64937
5.50232
4.14428
6.40097
1.81273
4.7214
7.28156
9.51659
6.93504
3.0173
5.22457
4.92086
99
6.86584
0.951199
2.47176
5.03991
3.98
4.60993
2.3866
4.1443
2.52809
3.46199
4.19453
3.74686
3.60251
6.59558
2.94927
3.21326
4.97054
3.38605
3.63809
4.78742
2.18803
5.5653
4.63121
3.26821
5.24598
6.47095
4.8883
4.61979
3.31292
2.83018
4.99206
3.00067
2.92209
3.6911
4.77917
3.87612
4.11273
5.67116
3.46231
3.3877
3.20223
9.23298
2.31403
6.76655
3.12975
2.9541
3.28434
3.37574
4.23592
6.13394
1.86599
5.10819
3.40536
4.76599
1.98839
1.46534
3.85529
1.36929
3.63132
3.10346
4.71316
4.17687
4.33997
3.75703
2.70439
4.82932
3.78965
3.98644
2.13766
6.30234
3.91801
3.62076
7.5632
4.64937
5.50232
3.78316
5.32663
7.03551
4.7214
7.55543
3.31395
9.43036
11.6262
6.24836
5.22457
2.45791
7.16184
7.9043
3.96197
2.47176
5.02185
5.09161
4.2532
2.80428
2.6215
2.78648
4.20919
4.07269
3.79206
3.67667
3.60324
4.84521
3.7353
3.47591
5.49954
3.38605
3.63809
4.40775
1.98009
5.5653
4.63121
1.66272
4.83114
3.67923
4.8883
4.61979
2.68999
5.3082
3.86374
4.82168
5.27794
2.96125
3.56008
3.16449
4.54865
3.36645
3.85268
4.02502
4.06294
5.67116
3.75215
3.10615
2.31403
4.31771
6.48525
3.12975
3.05161
3.51484
3.00043
2.59718
6.1266
1.2835
3.40536
7.01749
2.60686
4.95189
3.15132
1.27329
3.61822
2.52265
3.87817
4.1939
3.50929
2.76432
2.51063
4.77216
6.33052
3.87235
4.10892
3.03742
2.67507
4.62403
6.08848
3.91801
3.97543
5.09936
7.79709
5.9204
5.54306
4.14428
6.40097
4.7214
8.09391
9.48173
5.71437
5.22457
3.64331
6.87687
7.63352
2.37062
3.04851
2.47176
5.59641
4.77631
3.58337
2.46795
2.56761
2.6215
2.52809
0.792282
4.19453
3.74686
3.2882
4.69104
3.32582
3.25642
4.85922
3.38605
3.20979
4.92055
3.60068
1.99894
5.5653
5.16084
2.95224
5.2695
4.8883
3.50212
2.80416
3.55402
4.14821
2.50751
2.58502
3.74751
4.77917
3.83896
4.20198
5.67116
4.80871
3.36257
2.31403
6.22327
3.12975
2.89989
3.28434
5.01191
3.85867
6.20736
2.04782
3.40536
5.5958
2.11575
4.2859
3.85529
4.07775
3.63132
2.87721
3.90725
3.49405
4.00561
2.22533
4.77216
3.9969
3.98945
3.03742
6.30234
3.75491
3.97543
7.5632
5.12515
4.64937
5.50232
4.14428
6.40097
4.7214
8.09391
9.48173
6.24836
5.22457
3.64331
7.16184
7.63352
3.70672
4.72563
1.22856
5.02185
5.70175
3.86628
2.47874
4.1443
2.52809
3.46199
4.57276
3.68867
3.09369
4.78997
3.49266
3.25642
5.95557
2.20035
3.17648
3.03481
4.13138
1.78984
4.22267
5.33147
99
4.63121
3.26821
4.7527
4.87867
4.61979
1.92289
3.55402
4.45548
3.31039
3.16186
2.99197
3.24822
3.56
2.79045
4.07647
5.84102
0.0532069
99
2.22258
1.99399
6.08824
2.76478
3.03662
5.77878
2.87256
3.79296
6.20736
2.04782
3.40536
7.65224
4.60937
2.72463
2.83188
2.15136
1.56042
3.35868
2.88872
4.00395
5.12506
4.14916
3.90323
2.50549
5.60242
5.7936
4.21563
3.98945
3.03742
5.85743
5.2781
3.91801
3.97543
7.5632
4.64937
5.47063
5.50232
4.14428
6.40097
5.22748
6.56468
9.23841
5.29017
5.22457
3.64331
8.54796
7.63352
3.70672
2.6508
4.48404
3.98
3.84323
2.61737
0.826436
99
4.56023
99
4.225
4.19453
3.74686
3.02323
3.98266
5.03997
2.50384
2.61432
5.70533
8.1222
3.63809
4.75793
2.18803
5.5653
5.16084
2.83052
3.16585
5.062
4.8883
4.61979
2.27701
3.13755
3.01115
5.27794
2.96125
3.56008
2.31621
3.50634
3.83896
4.20198
5.67116
4.16966
2.87216
9.79633
2.31403
5.5352
2.84648
2.89989
3.10289
6.33415
3.00043
3.69429
6.20736
2.13918
3.40536
4.76599
2.6359
2.67948
4.95189
3.75598
1.50016
3.34541
4.04841
2.87721
2.50962
2.99414
4.63114
3.75703
2.20439
4.24864
99
3.39664
3.26729
6.30234
6.43696
3.76341
7.5632
4.64937
5.50232
4.14428
6.40097
4.7214
8.09391
3.02938
9.96515
6.24836
5.22457
3.64331
7.16184
7.63352
3.70672
2.47176
5.51048
4.53539
4.78907
2.61685
3.08339
2.52809
3.46199
5.42648
3.5879
2.80055
4.69104
6.07626
2.99958
3.25642
5.39513
3.86313
4.1743
3.63809
5.38525
2.18803
4.1295
5.5653
5.16084
1.82955
4.7527
4.784
3.74204
4.81869
3.01836
4.52942
5.13294
4.10101
3.08127
1.87548
3.24822
3.50634
4.31321
5.39879
3.70101
5.67116
3.75215
3.10615
2.31403
6.52439
3.10334
3.06725
3.46919
3.67062
3.79296
6.20736
2.04782
3.40536
6.20924
2.60686
4.55883
3.57183
2.32496
3.63132
3.10346
4.75906
3.95624
5.0181
3.42974
2.50549
3.89809
5.60242
4.12481
7.97583
4.13116
2.84023
5.45282
6.30234
3.91801
5.05143
3.9392
7.5632
4.64937
5.50232
3.75547
4.14428
6.40097
5.08229
7.66118
3.97076
9.23841
8.09803
4.89438
3.71131
3.76033
8.02669
7.63352
3.70672
2.47176
5.00136
5.02185
4.92856
3.39718
2.47874
3.08339
2.52809
3.46199
4.19453
3.91269
3.74686
3.73412
5.02357
3.65432
3.48853
5.24757
3.38605
3.63809
5.84132
2.24894
5.5653
4.63121
4.69642
3.44384
4.01302
4.8883
4.84302
3.10852
3.55402
4.48594
3.08127
2.9475
3.34814
3.25012
4.65158
3.70101
5.67116
2.65589
3.10615
2.31403
2.34347
6.99898
99
2.52412
1.75039
2.87256
4.10271
4.45966
6.98091
2.72072
3.29321
2.05251
5.37922
2.82571
1.86733
4.53256
3.8469
2.32496
3.63132
2.91588
5.87873
6.01471
4.1939
3.64567
2.78954
2.50549
4.77216
3.9969
4.11281
2.36213
6.30234
3.91801
3.97543
3.87069
8.34725
4.64937
5.50232
4.36117
6.40097
4.7214
8.01427
9.05925
6.24836
2.69499
3.69046
6.87185
7.63352
3.70672
2.47176
5.02185
3.61861
4.00293
3.155
2.80428
3.08339
2.52809
3.46199
4.72463
4.23169
3.20688
4.22685
3.44339
3.32582
4.48572
5.13591
5.30356
2.50539
3.92787
3.52577
5.14842
1.23906
2.18803
0.5
5.5653
4.63121
2.16516
5.05028
4.60239
3.44309
5.29039
3.01426
3.55402
4.42104
3.68151
2.74316
3.62394
2.64871
3.86294
3.10829
4.07647
5.67116
4.33155
3.10615
2.31403
7.36059
2.83401
3.13469
3.84532
3.00043
3.79296
6.20736
2.04782
1.98952
3.24347
6.27618
2.67948
4.37598
4.55883
2.9336
2.98226
2.57775
3.67586
3.18313
3.84154
4.28099
3.69347
3.01931
2.23625
5.80755
4.8534
5.50084
2.65017
4.31857
2.1015
6.69795
6.22078
4.63375
9.96448
3.97543
6.90097
7.5632
4.43347
5.50232
4.19467
4.07659
6.18372
4.7214
6.67574
9.48173
6.24836
5.22457
3.93963
3.64331
6.39548
7.63352
3.70672
2.92329
2.03107
4.48404
4.54386
3.98818
2.72818
2.05159
3.29992
3.10828
1.96326
2.08167
3.92741
4.09953
3.02323
4.69104
3.1018
3.73769
4.66315
3.74365
5.16446
3.38605
3.59297
3.73366
2.18803
5.25623
4.25289
3.26821
5.062
4.8883
4.61979
2.80416
3.55402
4.26089
4.37874
6.19825
2.95676
4.94577
3.32697
3.34814
3.5138
3.83896
4.20198
6.51385
6.13178
3.40996
2.97196
2.31403
6.22327
3.16735
3.05672
3.24612
2.78545
2.88804
3.79296
6.20736
1.84416
2.82522
5.5958
2.83586
3.9529
5.32513
2.32496
5.28386
3.30543
3.75612
3.38734
4.34154
4.1939
3.64567
3.36029
4.24864
1.61821
3.72444
3.28836
3.93234
5.59843
3.54064
5.95883
3.45298
6.42516
4.51962
2.89755
5.89433
4.14428
5.04577
6.40097
7.17425
7.83264
10.3435
7.45389
7.68822
3.89326
4.78297
3.55953
6.87687
3.43059
5.93356
1.05156
5.51048
3.98
3.84323
2.47874
3.08339
0.441399
5.06342
4.52068
3.74686
3.02323
4.69104
3.19413
1.50055
5.13689
3.43707
3.63809
2.77426
2.94441
5.2761
4.55742
3.26821
5.062
5.07562
4.93552
1.14021
3.15292
2.5
4.84305
6.34796
8.25087
1.98873
3.40191
2.86271
2.72776
3.47652
3.16476
4.07647
5.67116
3.86411
2.97014
5.57984
2.31403
6.76655
3.15771
2.89989
1.64517
2.61602
3.00043
3.33335
3.85867
5.99101
2.69582
3.74387
99
3.95733
2.67948
10.6001
4.11923
3.84426
3.63689
1.27329
3.63132
3.11113
3.13794
4.39187
4.01268
2.39306
2.37728
4.77216
4.66288
3.62558
2.36213
6.30234
3.83368
3.97543
7.5632
4.64937
5.50232
4.56786
6.40097
99
8.09391
9.48173
6.24836
5.22457
3.64331
7.16184
4.6229
6.34599
8.14798
3.70672
1.0498
5.02185
2.65273
4.44175
2.56761
99
2.52809
3.02598
4.52068
3.74686
4.64145
5.2972
3.22134
7.40586
5.16446
3.38605
3.6015
3.85285
3.44927
2.18803
5.5653
4.34175
1.82955
6.89413
5.062
4.8883
5.21409
2.48353
4.74493
1.99806
4.85174
0.986062
3.1927
3.24822
3.18464
2.70705
3.14036
3.83896
4.20198
5.67116
3.39105
3.28161
3.27652
3.36257
2.47404
6.22327
3.12975
2.89989
3.42116
3.48026
2.87256
6.64355
7.14865
2.72072
3.40536
4.76599
2.53586
5.79622
3.57183
2.73563
3.50544
2.62753
3.90725
3.57656
3.64567
3.58168
2.50549
4.11943
4.91653
3.51146
4.09978
3.62558
4.23521
4.5094
3.05325
3.92146
7.5632
5.2009
5.50232
4.14428
6.40097
4.7214
8.90522
9.48173
6.25929
7.12175
3.55431
3.94784
5.30149
6.86584
3.76033
5.63491
2.47176
5.28047
3.91891
3.98818
2.61685
3.08339
2.52809
4.20919
4.16304
3.74686
2.8133
4.69104
4.9648
3.19413
3.25642
5.16446
3.38605
3.63809
4.60032
2.18803
4.52019
4.85344
5.33147
4.63121
3.15395
2.2091
5.062
3.74204
4.81869
2.98998
2.45881
3.20468
4.48594
6.26687
3.15661
2.75266
3.24822
3.50634
3.83896
4.20198
4.0987
5.67116
3.41245
3.10615
6.22614
3.02144
2.31403
6.20191
3.12975
2.89989
2.6003
3.00043
3.81488
6.20736
2.04782
3.74387
4.96539
2.60686
4.55883
4.85374
3.49159
1.56042
3.63132
2.87721
3.90725
3.94088
2.66168
1.15814
4.77216
3.45378
4.67712
3.98945
3.03742
6.30234
3.11183
4.95287
3.97543
7.5115
4.64937
5.3827
4.14428
6.40097
4.07889
7.55543
9.39589
2.50031
4.73023
5.09156
3.64331
7.04144
3.43059
5.93356
2.40723
5.02185
3.12476
3.13959
2.47874
2.55293
2.52809
3.46199
4.18256
4.0803
3.02323
4.69104
3.19413
2.73774
5.39513
3.38605
3.96077
4.81145
2.18803
5.75073
4.56667
3.16385
4.01305
5.10908
4.61979
2.85019
2.80416
4.52942
4.48594
5.69088
2.95676
2.56462
3.24822
3.79502
4.25056
1.99998
5.15949
3.73348
3.75215
3.10615
2.31403
8.16288
6.76655
2.1634
3.24956
4.17626
3.00248
2.87636
5.55471
1.84416
3.40536
5.5958
2.60686
4.55883
3.57183
2.72709
3.73702
3.23295
3.90725
4.1939
3.64567
2.78564
4.77216
4.66288
3.60861
3.37828
2.67916
7.15719
5.53307
6.78951
3.05325
4.10186
8.92497
4.33218
5.53866
4.76715
6.33811
4.7214
7.55543
9.43036
2.59167
6.93151
5.22457
4.02017
7.40783
7.63352
3.70672
3.01734
2.47176
5.28047
4.23469
3.21802
2.94353
3.08339
2.52809
3.46199
4.52068
3.75713
3.02323
4.69104
6.20327
3.19413
3.25642
5.95557
2.06516
3.38605
3.63809
4.60032
7.20834
1.98227
5.5653
4.63121
3.55736
4.7527
5.97049
5.05832
4.21683
2.80416
3.13755
5.91627
4.87945
3.08127
2.9475
2.16414
3.35743
3.51562
4.04574
4.20198
5.67116
4.16966
3.10615
2.31403
5.30634
3.21028
2.74398
2.78545
2.87256
3.79296
6.20736
2.04782
3.40536
7.0619
2.60686
4.55883
3.57183
2.32496
3.63132
3.01786
3.90725
2.86081
4.00402
2.50549
4.77216
4.68258
4.11281
7.48566
2.36213
6.34929
6.77687
4.10186
7.42515
4.64937
5.50232
4.14428
6.40097
5.20338
7.60545
3.50915
9.91925
6.31352
3.15518
5.22457
3.55953
6.95099
6.92991
3.10483
2.47176
5.02185
3.98
3.84323
2.47874
3.08339
2.52809
3.46199
4.19453
3.74686
6.59088
2.76383
5.03997
3.19413
3.48853
5.08057
3.38605
3.6015
6.08554
4.60032
2.18803
5.5653
4.59558
3.39851
7.15441
4.87867
3.58225
5.21409
2.80416
3.55402
4.84701
2.72654
3.44955
2.9475
2.043
3.50634
4.02502
4.20198
5.67116
2.49962
3.10615
2.31403
6.08824
3.10334
2.89989
3.28434
3.00043
3.79296
6.20736
2.04782
3.37831
5.5958
2.69928
4.55883
3.57183
3.25267
3.35868
3.9075
2.62753
3.42629
2.75025
5.16419
3.36217
4.18402
3.9969
4.49197
3.03742
6.30234
99
3.41413
7.5115
4.64937
5.51981
5.13931
6.88445
4.7214
8.09391
9.05925
6.24836
5.22457
3.55508
6.95099
7.63352
2.93802
4.41034
2.47176
4.57566
3.24266
3.83866
3.84323
2.47874
3.15657
2.12015
3.96647
3.13472
4.23466
3.74686
2.76383
4.69104
3.19413
3.3583
5.61735
3.66021
3.96077
4.60032
2.18803
5.5653
4.89138
3.05507
4.7527
4.8883
4.61979
2.66686
2.83018
4.48594
3.71277
2.99197
2.21625
3.67969
3.6889
5.83848
5.21736
5.67116
3.75215
2.90529
2.31403
1.44889
6.22327
3.12975
2.89989
3.28434
2.60724
4.09355
6.20736
0.702025
3.40536
3.32573
1.88258
4.69962
4.79624
3.58256
2.66721
3.63132
2.51618
2.6401
4.1939
4.56287
3.73733
3.77907
2.31175
6.99901
3.90302
4.77216
4.66288
4.07257
3.98945
3.03742
6.30234
3.91801
4.32688
8.67505
4.15223
2.79817
4.76715
2.73534
6.33811
4.7214
8.09391
9.48173
6.24836
5.22457
3.64331
7.24646
9.02273
3.6356
8.02546
1.039
99
4.23498
3.84323
3.87922
2.47874
3.08339
2.52809
2.74677
4.52068
3.74686
3.02323
5.2972
2.75021
3.26153
5.16446
3.38605
3.96655
4.29176
1.97117
6.27611
4.44245
3.12596
99
4.8883
4.61979
2.80416
2.72316
4.67885
2.96914
3.56008
3.94181
4.2438
3.67969
3.10829
4.07647
5.15949
4.55467
5.58799
2.45487
2.47404
6.22327
3.15771
2.9541
2.65306
2.81046
2.7098
4.82312
5.98302
2.39654
3.40536
5.5958
2.60686
3.75689
4.55883
7.07386
3.8469
1.78288
5.39706
3.63132
3.38734
4.71316
3.06449
3.8868
3.10654
4.08797
4.77216
2.68196
3.85079
3.65345
6.88972
2.61018
3.74916
8.46329
7.1766
7.78109
4.99481
5.08642
2.20973
5.99495
4.14428
6.40097
4.7214
9.33529
9.48173
9.56692
3.451
3.64331
7.16184
7.63352
4.10483
0.536342
5.22626
4.66783
3.98
3.66247
3.84323
4.64955
2.47874
3.08339
2.52809
3.45633
4.58931
3.74686
3.16383
4.69104
2.71315
3.25642
5.30356
3.38605
3.22908
3.44927
1.99894
3.1915
4.65622
3.05507
3.49999
4.90053
5.05996
2.80416
3.45467
4.70367
3.08127
3.73432
3.68715
3.24822
3.7875
2.79045
4.20198
5.67116
3.25377
2.5209
3.10615
2.31403
6.76655
2.91436
2.89989
3.46932
3.51191
3.79296
5.99466
4.3188
2.04782
4.53541
2.85013
4.95918
7.32839
2.60686
3.73164
4.55883
3.07064
2.09682
3.63132
2.87721
2.97749
4.02864
99
3.68624
3.10654
5.1663
3.9969
3.98945
4.5214
3.03742
7.48481
1.52847
3.76341
7.78109
4.94049
4.64937
5.50232
5.77419
4.14428
6.40097
5.20338
8.02845
9.48173
6.24836
5.22457
4.7178
7.24646
7.63352
3.70672
2.47176
5.02185
2.9382
3.71538
6.3703
3.10461
3.53405
2.52809
4.03121
3.46199
4.52068
3.74686
2.76383
4.69104
4.31642
3.25642
4.85922
3.38605
3.16908
4.92055
99
3.08201
5.35588
3.26821
7.15441
4.8883
4.21683
2.80416
3.20468
4.48594
3.08127
2.9475
4.93612
3.22142
2.18154
4.0639
4.25067
5.67116
1.79906
3.10615
2.31403
6.48525
3.12975
2.2968
3.77555
2.6003
2.50608
3.03848
6.20736
2.26159
5.85698
3.66404
5.5958
2.16601
2.43461
3.83014
3.57183
2.32496
3.63132
3.90022
2.81815
3.83497
3.57656
3.64567
2.25088
4.77216
4.57274
3.72444
3.27775
6.30234
2.51527
4.10186
6.9185
4.64937
5.50232
4.14428
6.40097
4.24456
12.2196
9.48173
3.53598
6.24836
3.451
3.64331
7.16184
7.63352
3.70672
2.4637
4.515
2.4983
3.83866
4.00293
1.13297
3.53405
2.52809
3.5493
3.46199
5.49687
4.77022
4.19059
3.64854
3.70683
5.2972
3.19413
3.39441
2.439
5.16446
3.38605
3.16908
4.29176
2.18803
5.5653
4.63121
3.26821
5.062
4.8883
4.61979
2.80416
3.88915
6.70396
5.77127
3.16186
3.52086
3.24822
3.67225
3.34928
4.64007
4.14591
3.83896
4.20198
5.20699
3.75215
3.45773
99
6.22327
2.76478
2.89989
3.28434
3.14803
3.03515
6.20736
2.04782
3.40536
5.50428
4.96539
2.60686
4.55883
3.58614
1.64599
3.63132
3.11813
4.23614
3.42629
4.53473
3.51773
2.50549
3.8904
1
3.98945
4.75554
3.20276
6.337
3.54064
4.10186
6.79983
3.98612
5.50232
5.43676
4.56786
6.40097
4.07889
7.55543
9.48173
7.47647
3.90943
3.37235
4.49148
7.3989
6.86584
4.93017
2.47176
5.59639
4.03509
4.07398
3.50357
2.47874
3.48573
2.52809
3.24059
4.77022
3.02039
3.64854
3.02323
4.69185
4.69104
3.19413
3.66153
5.08057
3.38605
3.16908
4.60032
2.18803
5.5653
4.63121
3.52185
4.34639
4.8883
4.21683
1.125
99
4.51447
2.98295
3.63405
3.24822
3.50634
4.12612
4.06294
5.67116
4.40991
3.10615
2.31403
5.2019
4.33904
3.11946
3.51484
4.50933
3.09614
2.68662
3.98253
6.35971
0.80478
3.15795
3.58431
6.20924
3.15214
4.59664
3.85529
2.48812
3.63132
2.87721
4.37908
3.57178
4.74784
4.3543
3.64567
2.50549
4.77216
4.69456
3.98945
3.03742
4.27988
3.49034
4.79242
3.91801
3.97543
7.78031
4.84292
6.12679
4.21299
5.42717
4.7214
7.10615
9.18425
6.24836
5.77616
3.64331
6.67309
7.63352
3.39051
2.47176
5.27859
3.98
3.84323
2.47874
3.29992
2.52809
3.46199
5.31183
3.59135
1.82762
4.01537
3.19413
3.25642
5.39513
3.38605
3.63809
2.70999
2.01711
5.5653
4.89137
3.62185
5.33347
4.53728
6.51281
2.68999
2.00601
3.20468
3.44595
4.48594
3.08127
2.56462
3.24822
2.86247
3.83896
4.20198
5.67116
2.96843
2.67261
1.99399
6.55279
3.48382
3.04254
4.01497
2.60724
3.03515
6.98223
2.24752
3.74387
5.38748
2.92588
4.45306
99
3.25267
4.08123
2.87721
3.88041
99
3.17665
2.50549
4.24864
1
3.98945
3.03742
6.30234
3.91801
3.97543
7.5632
4.64937
5.13471
3.58888
6.716
4.7214
7.10615
9.48173
6.93151
4.07678
3.51215
3.40291
7.16184
7.63352
6.06911
4.41034
2.27909
2.47176
4.80819
4.62867
4.23498
3.84323
2.76572
3.41678
2.12015
4.225
4.95822
3.48623
3.25774
4.78997
3.32582
3.25642
5.16446
3.43707
3.63809
3.08334
4.48139
3.22231
99
2.52478
4.39331
3.26821
4.58147
4.8883
4.61979
0.769132
3.14146
5.51693
1.75007
3.52791
3.24822
2.86247
4.02496
4.26429
5.33443
3.75215
3.10615
2.31403
4.2327
5.75411
4.2701
3.48095
2.89989
3.46932
2.33653
3.41459
2.87256
3.79296
6.20736
2.04782
2.82522
6.80437
2.86307
4.8336
4.55883
3.6954
3.25267
4.43556
7.44521
2.83671
3.98475
4.31167
3.00783
2.50549
4.77216
3.8584
6.689
4.13116
2.84023
7.48481
4.15267
3.97543
7.5632
4.64937
5.50232
4.14428
6.40097
4.47683
8.2811
8.84992
6.93504
5.22457
3.70112
7.29721
7.63352
3.70672
3.18275
5.02185
3.98
3.99037
2.47874
3.08339
2.39739
3.46199
4.9008
3.7741
3.09369
4.69104
3.48489
2.50024
6.91113
4.17651
3.63809
4.98829
2.18803
5.5653
5.16084
3.05507
5.062
4.8883
4.61979
2.80416
3.4249
4.26094
3.19425
4.70367
3.08127
2.9475
4.03656
2.49985
4.12612
4.31795
5.67116
4.66971
2.8867
2.31403
6.22327
2.98135
5.36896
3.24956
4.17626
2.87256
3.79296
5.99101
2.49884
4.66862
3.25079
4.89131
4.76599
1.51944
3.83014
3.18562
1.50016
3.63132
2.87721
3.90725
4.46568
3.64567
2.50549
4.77216
2.66194
4.23477
4.00466
3.26063
6.73481
6.28109
3.97543
7.5632
4.64937
5.26462
3.58688
7.08482
4.07889
7.6965
10.5102
6.24836
4.45855
3.64331
7.16184
7.70659
4.16003
2.47176
4.85811
3.98
3.84323
2.47874
3.08339
2.39739
3.80265
3.46199
3.50855
3.74686
3.02323
4.69104
3.19413
3.25642
5.39513
3.38605
3.63809
4.60032
2.18803
5.5653
4.63121
3.26821
5.16688
5.52004
5.5039
2.80416
3.55402
4.48594
3.08127
2.9475
3.24822
4.58599
4.17734
3.88146
4.20198
5.67116
2.97932
2.91631
4.63898
3.07096
2.47404
6.61178
5.40147
3.12975
2.89989
3.37877
3.00043
4.15096
6.20736
10.2923
2.13902
3.0219
3.37261
4.29681
3.29747
2.20115
6.19494
4.48535
2.01505
3.21606
3.07928
3.90725
2.1484
3.58103
5.03994
3.64567
2.50549
4.77216
3.03624
3.68165
3.72444
3.27775
6.30234
3.91801
4.10186
8.67505
4.38029
3.93091
3.95714
6.22265
5.08229
8.99217
9.48173
1.82361
5.22457
3.31474
2.30175
6.39889
8.30127
9.29909
3.95333
3.14582
2.47176
10.9377
5.09161
3.02594
3.81475
2.56547
3.08339
2.52809
3.46199
4.4187
3.93938
3.26083
7.70094
4.96979
2.89982
4.9558
3.38605
3.20979
4.97581
2.18803
5.78957
5.02984
3.26821
5.16688
4.8883
4.07051
4.61979
2.68999
4.67221
5.49896
4.48594
3.08127
2.9475
3.71117
3.00769
4.10208
4.02502
4.20198
5.9987
2.19458
3.10615
2.31403
6.01388
5.97485
2.51555
1.51228
2.16902
3.00043
4.15096
5.98434
2.26159
3.65934
5.99299
3.08963
3.54591
7.58717
2.29602
4.15201
4.10115
2.66979
3.6954
2.01505
3.67654
3.30543
2.87721
4.02864
1.98752
4.0238
3.34472
2.50549
5.03332
5.37469
3.97067
3.34905
6.97649
4.11734
3.32935
5.40657
6.30234
3.91801
5.04809
6.6685
4.64937
5.3827
4.14428
5.04188
6.40097
3.56877
7.62689
6.67574
10.4329
2.58435
8.80821
5.22457
2.68751
2.45791
5.59422
3.62904
7.16184
7.63352
3.70672
7.68736
2.47176
5.02185
4.59752
3.83866
2.2912
3.84323
1.50248
4.57545
3.29217
2.56479
3.46199
4.72463
4.23169
4.02144
2.80368
4.69104
3.19413
3.25642
5.16446
3.38605
3.20979
5.29973
2.18803
5.5653
4.63121
2.35413
4.40241
4.8883
4.20899
2.68999
5.19395
3.55402
4.48594
3.08127
3.33914
4.85519
3.58385
4.02496
4.80329
4.26429
5.58937
4.05364
3.75215
3.06517
2.31403
6.52439
3.01725
2.89989
2.96938
3.00043
3.79296
6.20736
2.04782
3.65934
5.52345
2.60686
4.55883
3.57183
2.32496
3.77844
2.63627
3.90725
2.8387
3.64567
2.50549
2.48442
4.24864
5.02129
3.98945
3.03742
6.30234
3.91801
3.97543
7.5632
5.5934
3.97574
6.40027
4.00892
6.13443
4.75634
7.14425
9.48173
6.24836
5.22457
3.92967
4.44787
5.00584
4.33765
8.21853
3.33875
2.47176
5.02185
3.98
3.84323
2.47874
3.29992
2.52809
3.46199
3.44453
3.76249
3.02323
4.69104
3.19413
3.25642
5.24757
3.38605
3.63809
4.98829
2.18803
5.5653
4.63121
3.45736
5.062
4.8883
4.61979
3.01929
3.55402
5.4208
2.92016
3.86952
2.98161
3.22142
3.43205
4.35511
4.20198
6.28074
3.41245
3.06276
2.31403
6.22327
2.56302
2.89989
2.64755
3.28434
3.00043
2.87636
6.20736
2.04782
3.40536
7.01749
2.53586
4.95255
4.1862
2.32496
4.08123
3.01786
3.90725
4.1939
3.64567
3.05365
4.77216
3.9969
3.98945
3.03742
6.30234
5.5144
3.97543
7.5632
4.64937
5.50232
3.81205
7.17243
5.50839
4.7214
8.09391
9.48173
6.24836
5.22457
3.52999
5.87686
9.13377
3.39051
2.47176
5.02185
3.98
3.83618
2.47874
2.6215
2.52809
3.46199
4.72463
4.23169
3.499
4.01977
3.28241
3.79907
3.47591
4.97054
4.17651
3.63809
4.60032
2.18803
5.5653
4.63121
3.26821
5.062
4.8883
4.61979
2.80416
3.21706
3.12939
4.42026
3.08127
2.86271
3.22142
3.5138
3.83896
4.20198
6.08724
2.48075
3.36981
3.69241
3.10615
2.31403
5.77229
4.95833
3.01725
3.06959
3.49097
3.09614
2.96135
2.98658
5.93105
8.49161
3.22579
3.6891
4.17908
8.5001
2.78242
4.83011
9.25496
2.95397
3.35912
3.25267
2.73748
3.63132
2.87721
5.36665
4.24319
3.51773
2.50549
4.77216
3.03024
3.86647
3.9969
3.98945
3.03742
5.92837
4.12339
3.97543
7.5632
5.63822
4.95665
4.14428
6.40097
4.99143
4.48967
9.44636
9.80536
7.68822
3.35585
5.22457
7.39328
3.40291
6.33903
4.92585
3.98156
5.93356
2.47176
5.59639
5.92399
3.83866
3.99037
2.47874
3.27591
3.17218
2.65079
3.27846
2.44264
3.46199
4.4039
3.79206
3.02323
4.69104
2.75021
3.48853
4.94107
3.38605
3.27473
3.49807
4.60032
1.98009
5.5653
4.63121
3.26821
4.40241
3.0919
4.34936
3.31292
2.83018
4.70619
5.23083
3.08127
2.9475
3.24822
3.343
4.25133
4.1636
5.67116
7.0073
2.9095
1.99399
6.60089
3.12975
2.89989
3.28434
3.00043
3.81905
6.20736
2.04782
3.40536
5.38748
2.60686
4.55883
4.76689
2.57775
3.63132
2.88733
5.26773
3.53477
3.75703
2.51664
4.7152
4.23477
4.31857
2.84585
5.80352
3.91801
3.3143
7.51149
4.64937
5.50232
4.14428
6.40097
3.9181
6.89303
3.57288
10.3602
9.56692
6.09376
4.1124
7.35801
7.63352
2.96221
2.5284
5.02185
3.98
3.37037
3.46417
2.75462
3.08339
2.52809
3.46199
4.72463
4.23169
3.20688
4.69104
3.19413
3.47591
4.58196
5.20962
3.38605
3.63809
4.84817
2.18803
4.92039
4.63121
3.30986
4.01286
4.8883
5.21409
2.78244
3.91686
4.14821
3.20606
2.90448
3.24822
4.38061
4.77917
3.83896
5.163
5.15949
7.17087
3.75215
3.21466
2.47404
3.67853
6.52439
1.6772
3.24956
3.85107
3.26118
2.432
3.03515
6.20736
2.04782
3.40536
5.37922
1.43368
4.07963
3.0862
2.32496
3.2445
3.63132
2.87721
4.85262
4.31167
3.75703
3.10654
3.08723
4.23478
3.98945
2.68439
7.16241
5.94054
4.52444
4.39582
6.74611
3.84769
5.70577
4.14428
6.41017
4.7214
6.53174
9.05925
6.93151
4.89438
3.70112
8.69136
7.63352
3.70672
3.76525
2.87754
5.20873
3.98
3.84323
2.47874
2.24693
3.09884
3.27473
2.56479
3.78809
4.52068
3.74686
3.02323
4.69104
3.19413
3.25642
5.30356
3.38605
3.63809
2.29926
4.92055
1.99894
5.5653
4.89138
3.26821
5.2695
5.97049
4.61979
2.80416
4.09244
4.99206
3.4628
2.55061
3.24822
3.58385
3.45929
4.26429
5.67116
3.75215
3.10615
2.31403
5.87604
3.59687
3.04254
4.01497
3.00043
4.15096
6.20736
2.04782
3.37831
5.37922
2.60686
4.55883
2.15136
2.66721
3.58347
2.87721
4.24904
4.2402
3.73588
4.3126
4.01753
2.50549
4.28972
4.06952
4.11734
3.32935
6.08951
0.117311
3.76341
7.51149
4.64937
5.95001
4.14428
6.40097
4.7214
4.59261
7.60545
5.46249
9.46063
6.24836
5.22457
3.38694
3.40291
6.87185
7.63352
3.70672
2.52925
3.82296
3.77081
4.1431
3.16026
1.13297
3.29992
3.32048
3.54115
4.72463
4.23169
3.02323
4.69104
2.99399
3.11345
5.16446
3.28675
7.60006
3.22908
3.68426
2.94441
5.5653
2.68723
4.63121
3.52185
5.92073
4.8883
4.61979
2.09097
3.14146
4.48594
3.08127
2.9475
3.34814
3.50634
3.83896
4.20198
5.67116
3.79066
7.0073
4.21848
3.20223
2.31403
3.00372
6.22327
3.01725
2.87252
3.28735
3.14803
3.94335
5.55471
1.84416
3.40536
5.5958
2.60686
3.90727
4.11923
3.57183
4.91819
2.54784
3.24027
3.63132
4.03143
3.38734
3.90725
3.72282
3.64567
2.50549
2.49684
2.45086
3.9969
3.98945
3.08426
5.94054
3.91801
3.97543
7.5632
5.67233
3.74547
6.16439
4.14428
6.40097
3.24969
14.0172
2.28403
9.46063
6.24836
3.70911
4.78297
2.56883
6.20149
4.92585
5.93356
2.47176
5.02185
3.89208
3.73395
2.0669
3.29992
2.52809
1.48371
2.92551
4.52068
3.87668
3.02323
4.69104
3.19413
3.25642
5.24757
3.38605
3.19181
4.5177
2.31477
5.5653
4.59558
3.30986
7.15441
5.30792
4.61979
2.85031
3.98413
7.38148
3.51826
4.48594
3.08127
2.9475
2.37163
3.20767
0.690097
3.83896
3.96241
5.67116
2.5209
5.5775
2.67261
2.47404
5.77299
2.89438
3.24956
3.85107
3.00043
3.69355
5.98434
2.04782
3.40536
5.45305
6.81476
2.60686
4.55883
3.57183
2.32496
3.63132
2.37457
2.56509
3.13794
4.1939
3.64567
2.50549
4.77216
4.12456
1.20606
3.98945
3.03742
2.61576
6.08848
3.91801
3.97543
7.5632
4.51962
5.50232
5.11396
6.33811
4.72498
4.7214
7.73548
9.48173
10.0437
6.09376
2.48195
8.37222
7.9043
3.96197
3.18275
5.9307
3.91891
4.31221
2.47874
2.2196
5.26765
2.52809
3.46199
2.61559
4.17126
2.47995
3.74686
2.78756
4.14689
2.33277
3.25642
5.61735
2.20201
3.88873
2.92519
4.31085
3.30758
6.93083
2.49995
5.5653
5.16084
3.36848
5.062
4.8883
5.21409
4.22092
2.68999
2.32052
3.55402
3.87276
3.4628
3.03623
3.24822
3.31965
3.52802
3.83896
4.07647
5.67116
3.36677
4.28057
2.99511
2.88524
6.22327
3.67303
3.16757
2.89989
3.10563
3.00043
3.75469
6.20736
2.04782
3.29321
5.37922
2.60686
4.55883
4.04532
2.32496
3.80536
2.87721
3.78208
3.12896
5.6554
3.59697
4.46621
1.50373
4.77216
3.9969
3.98945
3.03742
6.30234
3.91801
4.49807
7.36863
2.56303
4.15223
2.79817
3.76522
3.58888
6.716
5.20338
8.09391
9.48173
3.34055
6.93504
5.22457
5.21084
7.16184
7.63352
3.70672
2.87754
5.76309
3.98
3.84323
1.85941
1.82723
3.29217
2.52809
3.46199
4.23466
3.83843
2.12604
4.14689
2.75021
3.25642
5.16446
3.38605
3.63809
4.84817
99
5.5653
4.63121
4.33257
3.26821
5.062
3.86527
5.22007
5.23383
5.16222
3.78753
2.99499
3.15123
5.45197
3.16186
4.08199
2.99197
2.16414
3.343
4.54514
3.82218
4.57832
4.37752
4.01706
5.84102
0.999491
3.10615
2.47404
6.22327
3.2051
3.05439
3.46919
3.00043
3.81488
6.20736
2.04782
3.40536
7.83584
99
2.20115
3.83014
4.48535
2.35352
3.50544
2.87721
3.90725
3.92817
4.14184
3.64567
2.31175
7.13646
1.52101
4.77216
3.46902
3.98945
3.03742
6.08955
7.8831
99
3.62076
9.92047
5.9204
5.50232
6.05539
4.21299
2.73452
6.33325
4.7214
7.10615
3.98713
10.9181
4.3001
4.07678
4.92086
3.62322
6.9495
7.68881
4.00305
4.23431
2.47176
4.85811
3.98
3.84323
2.64453
3.08339
2.46003
3.28599
4.77022
3.64854
2.78151
4.89058
4.48617
2.50024
1.08846
3.38605
3.63809
5.29091
2.18803
4.22387
8.23099
3.45736
4.01302
4.87867
4.61979
2.80416
3.71231
4.45548
3.08127
2.6061
2.52701
3.50634
6.58502
4.65158
4.04844
2.16894
3.62818
6.34623
0.692424
2.45788
2.47404
6.22327
2.84648
2.89989
3.28434
3.00043
3.81488
6.20736
1.20435
3.40536
6.20924
2.60686
4.55883
4.72776
1.64599
4.07766
2.87721
3.95543
4.1939
3.64567
3.8489
2.50549
4.77216
4.5452
4.35291
2.78268
6.30234
3.05325
2.90277
7.51149
4.64937
5.54306
4.14428
6.40097
4.24456
4.07083
9.56476
9.80536
7.68822
9.6585
3.64331
3.76024
6.9768
7.63352
3.70672
2.47176
5.02185
3.98
3.98818
2.56761
3.08339
2.52809
3.46199
4.15554
3.74686
3.02323
4.69104
4.48617
3.3583
5.16446
2.20201
4.02368
4.60032
1.99894
4.89055
4.56667
3.03488
6.39765
5.97049
4.61979
2.66686
99
4.12286
3.6016
3.10561
3.34814
3.50634
3.83896
4.20198
5.08292
0.999491
3.10615
2.31403
6.22327
4.06077
3.05439
4.56174
4.00297
3.51191
2.54518
6.20736
2.04782
3.40536
6.20924
2.60686
4.55883
3.85529
99
3.61822
2.62753
3.90725
4.1939
3.64567
2.51664
5.13085
4.93114
3.85079
3.65345
6.60793
3.05325
3.76341
7.82722
7.78109
4.64937
5.76631
4.14428
6.40097
4.07889
6.53174
9.43036
5.71437
5.22457
3.73553
2.7028
7.16569
7.63352
3.70672
2.47176
5.02185
6.28624
3.83866
3.84323
2.15132
3.4557
2.62965
4.12069
2.52809
3.02598
5.11394
3.67336
2.25051
2.62802
5.2972
2.33277
3.11345
4.94107
3.38605
3.63809
4.60032
2.18803
5.5653
4.63121
3.26821
4.7527
4.8883
4.61979
2.66686
4.99797
4.85026
3.5298
1.90311
3.24822
3.50634
3.83896
4.20198
6.2718
1.99123
2.68103
2.47404
6.55279
3.34944
2.74398
2.78545
3.24749
2.59718
5.55471
1.43856
3.05846
7.72491
2.53043
4.09465
4.95255
3.57183
2.2407
3.63132
2.71174
4.00395
99
3.68624
3.67374
4.77216
3.8584
3.98945
3.03742
6.38014
4.79926
4.91094
8.42514
4.64937
5.50232
3.19867
6.55049
7.17425
9.0271
9.48173
6.24836
5.22457
3.64331
7.16184
7.63352
3.70672
2.47176
5.02185
4.32108
2.75423
2.8456
2.47874
3.53405
2.52809
3.46199
3.92741
3.74686
3.02323
3.44339
3.32788
3.25642
5.24757
3.38605
2.83755
4.81145
99
5.5653
4.63121
2.04389
3.39851
4.59911
5.40911
4.27866
6.14318
3.83417
1.95659
3.53023
5.60209
3.16186
2.99197
3.34814
3.51562
2.29181
3.00013
4.07647
4.9833
1.50672
2.45788
2.47404
6.22327
3.12975
2.89989
3.37877
3.00043
3.85867
6.26995
2.39654
3.40536
5.5958
2.59924
4.11923
3.8128
3.92193
3.77844
4.0396
2.63627
4.02864
3.73196
6.05383
3.64567
3.11459
4.69567
2.31175
5.03319
4.66288
4.16483
3.74
3.20276
6.30234
3.89829
4.18842
7.27589
4.9522
3.80508
6.20594
4.76715
3.74871
6.33811
4.7214
7.55543
9.48173
10.0437
4.07678
3.69046
99
7.63352
3.70672
1.59619
5.20873
3.98
3.84323
2.47874
3.08339
2.46003
3.23135
4.53832
2.83971
3.71587
2.71854
2.82678
2.50251
4.86301
3.99334
2.70771
2.50024
4.5
3.38605
3.63809
3.89688
2.18803
5.5653
4.63121
3.26821
4.7527
4.8883
4.61979
2.80416
3.32559
4.42104
3.08127
2.87014
2.043
3.87635
3.83896
4.20198
5.47403
2.32356
3.46743
4.14153
1.99399
6.22327
1.93289
3.21646
3.89498
6.93621
3.49097
4.08545
2.77693
1.81539
2.59718
2.19085
6.10646
1.84456
3.40536
5.5958
3.56989
2.88078
2.60686
9.07802
4.55883
3.57183
3.25267
3.47085
3.63132
2.81174
3.84154
4.91665
3.50929
2.0995
5.03273
4.93114
6.12022
3.98945
3.03742
6.30234
3.91801
3.97543
6.84287
7.53113
5.00846
4.64937
5.50232
4.14428
6.40097
4.7214
8.09391
3.19785
2.55084
10.0945
6.24836
5.22457
3.64331
5.87686
7.63352
3.70672
2.47176
4.99694
4.59165
3.56923
3.83866
3.41264
3.84323
2.47874
3.81498
2.52809
3.46199
4.81916
3.58526
5.04484
3.67331
6.25061
4.96979
4.7594
3.25642
5.22767
2.20201
4.02368
4.60032
2.18803
5.5653
4.97423
4.76028
3.71437
5.50118
5.46187
5.10908
5.67307
2.09097
4.99797
5.22356
2.96914
3.56008
3.9766
2.72776
3
3.45929
4.629
5.67116
2.26015
4.28057
3.10615
2.31403
6.22327
3.12975
2.2968
2.6003
4.95215
2.99838
3.79296
6.20736
2.04782
3.09217
2.92658
6.27618
3.23932
5.19683
3.04471
1.50016
3.88961
3.81542
2.71174
1.98651
4.00395
2.8387
4.01466
2.51664
4.77216
3.45378
3.73392
3.03742
6.38014
4.12339
3.97543
7.5632
4.64937
5.77274
4.14428
5.21237
4.7214
8.80547
9.48173
7.08125
5.22457
7.19954
6.87185
7.63352
4.10483
6.56593
2.60521
4.48404
4.32445
3.81146
3.09025
3.01633
3.41678
2.52809
2.74677
4.52068
2.82169
3.74686
3.02323
4.64257
4.73072
3.32788
3.44349
5.22767
3.38605
3.63809
3.30758
1.99894
5.40145
4.60278
4.44245
3.52185
5.40911
6.91605
4.8883
4.93552
3.03508
3.88831
1.66953
4.14704
4.41865
3.6016
3.20494
5.27401
3.23817
3.7875
4.16506
3.6238
4.20198
5.67116
3.75215
2.60987
2.31403
3.9689
6.20936
4.05992
3.05161
3.28434
3.00043
4.15026
6.41392
5.19087
1.63042
3.78692
3.36479
4.71103
4.98051
2.60686
4.55883
3.68814
3.85529
2.09682
3.80536
2.79684
3.74456
4.24319
3.64567
2.50549
3.33948
4.61016
3.14325
3.72444
4.53262
2.82888
6.30234
3.91801
3.97543
8.67505
5.12747
6.07336
4.00892
6.13443
6.10663
4.48967
4.36854
8.09391
8.68604
6.24836
5.74783
3.64331
7.16184
6.81239
3.97108
4.16003
2.40723
4.515
7.31255
3.83866
3.84323
3.59735
2.32551
2.52809
2.83094
3.44279
4.52068
3.74686
3.02323
4.86301
3.19413
3.3583
3.81769
3.38605
3.93971
3.6015
4.30473
4.60032
1.99894
5.5653
4.63121
3.30986
5.062
4.8883
4.61979
2.80416
3.45467
4.48594
3.08127
2.9475
3.24822
3.67632
3.63267
4.0502
4.75248
5.67116
3.75215
3.10615
2.31403
5.2019
4.7304
2.95783
10.8087
2.99883
3.79296
6.20736
2.04782
3.40536
5.5958
2.60686
4.55883
3.79136
2.32496
3.85924
5.49952
2.87721
4.24904
2.59226
99
5.21598
3.34472
2.51664
4.77216
3.9969
4.11281
2.36213
6.60793
1.63093
4.69981
3.97543
7.5632
4.64937
5.50232
4.14428
6.18059
4.7214
3.76525
99
9.39589
6.24836
5.22457
4.33173
7.48491
7.63352
3.70672
1.27582
4.17451
5.70175
3.86628
2.51935
3.08339
2.52809
2.92057
4.35227
3.87707
3.53229
2.80069
4.59444
4.69104
3.495
3.25642
5.19256
3.38605
3.96655
4.60032
2.18803
5.5653
4.63121
3.09576
5.062
4.67853
5.05996
2.80416
3.55402
6.53128
5.13294
3.20606
3.28936
3.70241
4.02221
3.85268
3.83896
4.20198
5.67116
7.0073
3.10615
2.31403
5.95965
3.59687
2.89989
3.28434
3.00043
3.79296
5.84731
2.0152
3.40536
6.05937
2.72661
2.67948
3.18107
4.55883
2.83999
2.34861
3.40231
2.87721
3.13794
3.0387
4.41107
3.37946
2.82047
4.77216
3.9969
3.98945
3.03742
5.47995
5.25721
0.117311
2.66777
4.10186
7.11983
4.99337
4.53379
2.75969
4.43461
6.73221
4.45789
4.14428
2.03748
6.25054
4.7214
3.92917
7.76946
9.2384
6.93151
5.22457
2.93111
7.00107
7.63352
3.24618
2.47176
5.84842
4.8761
4.23492
3.58337
2.47874
5.2951
3.49704
3.80115
4.64531
1.96326
3.61015
4.07269
3.74686
3.02323
5.13988
3.19413
3.31822
4.94107
3.38605
3.94362
4.60032
2.18803
5.5653
4.30395
3.26821
5.062
4.8883
5.29039
2.50881
0.651228
4.42104
3.20606
2.38408
3.51323
3.50634
3.83896
4.20198
5.47403
4.28057
3.32845
2.31403
6.27647
3.33268
2.2968
2.6003
2.67044
3.74069
5.99101
2.322
2.97134
2.82522
6.68511
2.33893
4.55883
4.33753
3.63689
1.64599
3.36011
3.87779
3.01786
4.24904
2.02758
3.57656
3.8177
2.76432
5.1663
5.50211
3.98267
3.98644
2.78268
5.58525
3.91801
3.97543
7.5632
4.64937
4.95665
3.70082
6.40097
3.9181
8.09391
9.48173
6.24836
5.49372
3.73606
2.36576
7.16184
7.63352
3.70672
2.47176
5.02185
2.9382
3.78761
2.64453
2.89808
5.203
2.46003
2.98744
4.67195
4.7227
2.89188
4.69104
3.19413
3.50653
3.32284
5.16446
3.28675
9.27661
3.63809
4.60032
2.18803
5.5653
5.02984
4.0058
3.49999
4.8883
4.61979
3.31292
3.6691
4.48594
3.08127
2.9475
3.24822
2.86247
4.0639
5.02905
5.67116
2.5209
3.10615
2.31403
6.22327
3.12975
3.05439
3.46919
3.14803
3.79296
6.20736
2.04782
2.82522
3.95064
2.95272
4.45306
4.05259
2.09682
3.90705
3.38734
3.42629
5.08263
3.64567
2.50549
5.1663
6.44097
3.98945
3.03742
6.30234
4.74339
3.97543
8.34725
3.82533
5.94728
4.14428
6.47372
4.7214
8.09391
9.48173
7.68822
5.22457
3.64331
7.55998
6.07269
7.63352
3.70672
1.31744
99
4.92856
4.33716
2.13129
3.31502
2.52809
2.74677
4.19453
3.55872
5.54405
2.53837
7.70094
2.99659
3.25642
2.36254
3.38605
3.63809
5.3713
2.18803
5.5653
4.56667
2.66398
5.17851
3.86633
3.38195
4.81869
2.80416
3.55402
4.25732
3.31716
2.43372
2.37163
4.00499
3.45929
4.629
6.08724
4.28057
3.10615
2.31403
6.22327
3.48095
2.2968
2.6003
3.00043
3.79296
6.20736
1.71838
3.87275
3.29321
5.5958
2.60686
4.55883
2.83297
2.90168
2.32496
3.88961
2.63627
3.13794
3.57656
3.50929
2.0995
1.22485
3.9969
3.60861
3.28836
6.30234
5.5144
3.97543
7.801
4.64937
4.95665
3.86655
6.80112
5.54617
14.0172
9.18325
4.3001
4.45855
3.70112
7.62577
8.10051
3.98696
3.70672
2.40723
5.02185
3.98
3.84323
2.47874
3.08339
2.52809
2.92057
5.11394
3.72958
1.82762
5.2972
2.42084
3.39441
2.20902
5.08057
1.21875
3.22908
4.28149
2.18803
5.5653
4.76028
4.20121
4.72667
4.8883
4.61979
1.92289
3.20468
4.45619
3.10339
2.9475
3.24822
3.50634
3.16476
4.99219
5.84102
4.16966
3.10615
2.31403
6.22327
2.7074
2.89989
3.28434
3.80857
3.11026
2.14235
5.18059
0.80478
3.72785
5.52345
2.60686
4.55883
3.8128
2.57775
3.63132
2.68313
3.90725
4.1939
3.64567
2.50549
4.80509
1.33197
4.77216
3.9969
3.98945
3.03742
6.70077
6.77687
3.97543
7.5632
4.99537
4.8476
4.14428
6.40097
5.20338
5.63311
9.67939
6.93151
3.72545
3.451
3.64331
6.63919
7.63352
3.1306
3.61564
2.47176
5.02185
4.28721
4.26916
3.64096
5.9916
3.23183
3.08339
2.52809
3.78809
4.16304
3.74686
3.72957
6.59558
2.94927
3.25642
4.45582
2.20366
4.5205
4.29176
2.18803
5.5653
4.63121
3.15395
3.94074
4.55857
4.8883
4.84302
2.18242
99
4.14821
2.50569
2.90448
3.52615
3.20489
5.00102
1.4523
5.67116
4.28057
3.10615
2.31403
5.43318
3.12975
3.05161
3.51484
3.00043
3.86644
6.13394
2.22869
3.6072
99
2.20115
3.3757
3.57183
3.82419
2.36928
3.63132
2.87721
3.90725
4.47151
2.52401
2.37728
4.77216
3.8584
3.98945
1.14501
3.03742
7.92881
4.3931
3.76341
7.5632
2.32332
4.64937
5.54306
4.14428
6.40097
4.7214
8.80547
9.53874
9.56692
5.22457
3.94784
5.30149
6.86584
3.92008
2.40723
5.02185
3.98
3.84323
2.56761
3.08339
2.52809
3.46199
4.52068
3.74686
3.06741
3.02323
4.04366
5.03997
2.99284
3.47591
4.52589
3.38605
3.63809
3.30758
2.30096
99
5.5653
4.63121
1.97302
4.40241
4.8883
4.61979
3.88831
3.56423
4.14704
3.62554
3.20494
3.34814
3.66907
3.5138
3.83896
4.20198
5.67116
3.75215
2.71322
1.99399
6.22327
3.12975
2.61163
3.12899
3.00043
4.42936
3.23097
6.10934
2.26159
3.77605
3.24347
5.09648
2.59924
4.11923
3.60775
2.2407
3.47691
3.11113
3.90725
2.49527
4.6168
3.90323
2.50549
4.61004
4.66288
3.60861
3.20276
6.30234
2.51527
4.18842
7.22583
4.90944
5.93923
5.06027
6.25236
2.49126
4.48967
8.09391
9.48173
6.24836
4.89438
4.92086
9.85804
6.86584
3.92008
2.47176
4.89348
1.91378
4.16898
2.88087
2.49395
3.08339
2.52809
3.46199
5.11394
4.18931
4.64145
4.69104
3.19413
3.25642
5.16446
2.00452
4.88856
3.59297
3.06706
2.46947
4.97581
1.99894
5.83959
4.92067
3.26821
5.062
5.22007
5.16222
2.99499
3.20468
4.48594
3.08127
2.9475
3.91582
3.50016
8.39505
1.4523
5.67116
3.01444
2.71322
3.1148
2.28025
6.22327
3.12975
2.33001
2.6003
3.51191
3.98253
2.88262
2.03051
6.23647
4.53867
4.16072
2.04782
2.52124
5.25049
2.60686
4.55883
3.3259
3.57183
2.32496
3.63132
2.71812
4.00395
4.1939
4.00561
3.36217
4.77216
4.26855
3.72444
3.27775
7.93042
6.47792
4.15267
3.97543
7.5632
4.64937
5.13471
4.36117
6.33336
4.7214
8.09391
9.46063
4.86111
6.08041
3.64331
7.16184
7.63352
3.70672
2.4637
5.0435
3.32108
3.49053
2.80428
3.19567
2.52809
3.46199
4.72463
3.47769
4.23169
3.02323
5.2972
2.75021
3.25642
5.24757
3.38605
3.63809
3.93892
4.84817
2.18803
5.5653
4.63121
3.5502
6.52617
4.8883
4.61979
2.39395
5.21572
4.14821
2.50569
3.29043
2.91353
3.52615
2.67427
3.83896
4.20198
5.31885
2.39911
2.74357
4.84965
1.1716
5.87604
3.39388
2.94328
3.85107
3.00043
3.79296
6.20736
2.04782
4.24157
3.2335
5.5958
2.252
2.68102
4.2859
3.57183
2.32496
3.63132
2.91812
3.90725
2.92066
4.14184
3.19283
3.42974
3.4694
2.50549
3.2682
4.77216
4.66288
3.98945
3.03742
6.30234
3.91801
9.39748
5.45955
5.20593
4.64937
5.50232
4.14428
6.40097
4.81162
9.87254
9.48173
7.09961
6.08041
3.98812
7.16184
10.0805
2.48327
2.76933
5.02185
3.98
3.84323
2.56761
3.41678
2.52809
3.72896
4.81916
3.57917
2.15544
3.1861
2.75021
2.73774
5.61735
2.20201
2.92519
3.62288
2.18803
5.5653
4.25289
4.04107
5.062
4.67853
5.05996
3.01469
3.55402
4.48594
3.08127
2.56462
3.24822
3.7875
4.04574
3.5201
6.05566
3.86411
3.10615
2.31403
6.22327
3.12975
2.95655
3.36215
2.84135
3.03515
2.40454
6.20736
2.04782
3.59859
6.24529
2.78242
4.01717
4.30417
2.9336
1.50016
3.63132
3.24649
5.64986
4.20824
2.99479
4.3093
3.8868
5.0314
3.10654
4.88364
6.44097
3.98314
4.96075
3.26729
6.30234
5.44496
3.97543
7.5632
5.63822
5.50232
4.14428
6.40097
4.7214
10.1225
9.34871
6.24836
3.62259
5.22457
8.60084
3.33945
7.48491
9.02273
3.96197
2.47176
5.59641
3.98
3.49086
2.47874
2.55293
2.56479
3.46199
4.52068
3.50731
6.17167
2.09853
1.89451
4.69104
3.19413
1.44998
2.83306
5.16446
3.43707
3.63809
9.00712
3.27227
1.98227
5.25623
4.88173
4.49985
6.05254
3.26821
4.58147
3.74204
4.81869
1.91822
6.34868
6.58713
3.88217
3.00067
3.51215
2.043
3.50634
3.83896
5.83858
4.20198
5.67116
3.75215
3.21466
2.47404
5.63002
2.91901
2.70002
3.28434
3.33486
3.00043
3.79296
6.20736
2.04782
3.40536
6.80437
2.60686
4.55883
3.36857
2.32496
3.63132
3.86552
2.91588
4.02864
4.1939
3.64567
2.50549
4.77216
3.0667
4.10732
3.98945
3.03742
6.30234
3.62263
3.97543
7.5632
3.00318
5.32236
5.52693
5.56475
7.40029
3.89676
5.11803
4.48967
7.91462
9.48173
6.24836
5.22457
4.1124
7.0903
7.63352
3.70672
2.47176
5.02185
3.98
3.84323
1.68801
2.80428
3.08339
2.52809
4.28692
3.52896
4.52068
3.64708
4.64145
5.2972
2.68669
5.21812
3.25642
4.79929
4.44589
4.17651
3.63809
4.92055
3.82324
1.99894
6.27611
4.63121
2.76596
5.062
4.8883
3.25059
4.20899
2.27701
2.32754
4.45619
3.6016
3.27054
2.37163
4.01751
3.46512
10.8795
1.4523
5.15949
4.4685
3.72394
3.10615
2.47404
6.27647
3.03623
2.89989
3.28434
3.00043
3.9585
6.20736
2.04782
3.82863
3.17908
5.5958
2.69928
4.55883
5.19595
3.57183
2.64165
3.63132
3.11113
3.90725
3.95624
3.6853
2.33381
4.77216
3.9969
3.99398
3.58193
6.88972
1.63093
3.41413
7.27589
4.99537
4.33052
5.75577
4.14428
3.74439
6.40097
4.7214
7.55543
3.71058
9.96515
7.47647
5.22457
6.55608
4.02017
7.16184
8.30759
3.70672
2.47176
5.22626
4.68906
3.83866
3.87416
4.21409
3.33823
2.18509
2.78648
3.67121
4.29554
3.64854
3.02323
4.69104
2.50384
3.25642
5.16446
3.38605
3.63809
4.60032
2.24894
5.5653
4.98908
7.45894
1.66272
3.67923
2.99432
4.8883
4.61979
3.31292
3.55402
5.09151
6.90102
3.08127
3.33914
3.51323
3.41427
3.57463
1.97057
4.10508
3.22338
5.67116
7.0073
3.37096
2.31403
6.20936
3.12975
4.07935
2.89989
3.48026
2.82999
3.79296
6.10934
0.702025
3.32147
5.52345
4.3931
2.95272
4.45306
4.45397
2.57046
3.73991
2.79684
5.1744
4.1939
3.64567
2.50549
4.77216
3.93948
3.98945
3.03742
6.09488
3.54552
3.05325
3.76244
8.42514
4.05223
3.24959
3.93091
1.19861
4.14428
4.79048
6.40097
5.22748
4.88475
7.76946
9.23841
4.3001
3.451
3.98812
7.0903
4.94538
6.86584
3.44238
2.47176
3.66783
3.98
3.84323
2.71705
3.42067
3.48615
2.18509
2.52809
3.46199
5.58134
3.74686
3.73412
5.02357
3.77252
3.78531
2.61432
2.42777
5.16446
3.38605
4.46676
3.94362
4.19672
4.60032
2.18803
5.75073
4.63121
4.57519
3.11703
7.15441
4.89003
4.34936
1.2498
3.63094
7.84669
3.87936
3.00067
1.87548
2.64871
3.75793
4.59264
4.02502
3.96241
5.84102
4.28057
2.57544
2.31403
5.77607
3.10334
3.05439
3.85107
3.00043
4.08819
7.1262
2.24752
4.4539
2.4878
5.6312
4.96539
1.17128
2.96381
3.6954
2.32496
3.63132
2.87721
3.73756
3.86705
4.12445
3.64567
2.25088
4.77216
3.9969
4.11281
2.36213
6.30234
3.05325
3.97543
7.22583
4.70684
5.3579
4.71986
5.77274
3.95714
6.22265
5.08229
6.56468
9.23841
6.25929
3.82267
3.80501
3.98759
7.36671
7.63352
3.70672
1.02316
1.05156
5.02185
5.43426
3.83866
3.58337
2.82008
7.716
3.489
2.93519
3.72896
4.77022
3.64854
3.4163
4.86301
3.19413
3.25642
5.19256
3.38605
2.96725
4.81145
1.94441
2.88271
5.75073
8.23099
2.95224
5.40911
5.10518
3.9866
3.31292
4.1061
2.83474
4.48594
2.39056
3.20606
3.56008
3.00019
2.37214
2.52855
3.83896
4.6292
5.38593
2.49962
3.07096
2.31403
6.22327
1.11499
3.28344
2.87252
6.75115
3.49097
2.77693
4.86786
4.74071
0.953701
2.82522
7.32839
2.60686
4.55883
2.79478
2.34332
2.53929
3.63132
2.87721
3.90725
4.3543
3.64567
2.58873
4.71533
4.44828
3.98945
2.68439
4.5094
3.72436
3.97543
7.5632
4.71986
5.50232
4.14428
5.67123
5.20338
5.63311
9.48173
6.24836
2.89277
6.37174
2.89392
3.37463
7.40783
7.65474
3.60729
2.47176
5.18751
3.74962
3.41987
2.80853
99
3.22321
2.2984
2.68409
4.8583
3.5517
4.1264
5.02357
3.65432
3.25642
6.36528
4.1743
3.52577
6.11729
1.49793
6.83583
4.96629
3.09576
4.29876
4.89003
5.49292
2.82588
3.20468
4.48594
3.08127
2.9475
4.02221
3.50634
3.83896
4.6292
5.77265
4.66553
2.77439
1.5828
6.22327
2.8347
2.70002
2.97319
3.00043
3.79296
4.74071
2.49956
3.83174
2.4878
5.37922
2.60686
4.55883
3.57183
3.364
2.2407
3.50544
2.87721
4.51173
2.59226
99
3.64567
2.50549
4.77216
4.35841
4.11734
3.31796
6.88972
2.86535
2.98946
4.6587
3.0521
7.18205
7.44255
3.84131
5.64049
3.58688
7.08482
6.21516
3.24969
8.09391
9.48173
2.83522
5.22457
3.69046
99
3.91065
8.18276
2.6934
2.47176
5.59641
3.35636
4.66514
3.13829
3.08339
2.52809
3.02598
5.11394
3.39419
3.02323
5.74325
4.99847
3.36477
3.25642
5.16446
2.397
5.29028
4.61281
5.44013
3.17797
2.18803
5.98657
5.35588
4.0058
4.93448
5.09393
4.61979
2.45881
99
3.56193
3.00066
2.85564
3.34814
3.5138
3.83896
4.37752
2.56019
5.84102
3.5816
3.10615
5.31687
2.31403
6.22327
3.12975
3.05161
3.51484
3.00043
3.96897
6.26995
1.91563
3.899
3.40536
4.14693
5.5958
2.60686
3.59632
4.55883
3.6954
2.34861
3.88347
3.39754
3.92868
3.99413
99
4.49672
3.67374
4.18916
3.9969
3.98945
3.03742
7.15587
6.04713
3.89829
8.13067
3.97543
7.5632
4.64937
6.01612
3.88177
7.17243
3.41691
4.7214
7.10615
9.46063
6.24836
5.22457
3.64331
7.16569
7.63352
3.70672
1.17799
5.06098
4.23498
3.99037
2.47874
2.57637
2.93519
2.83932
4.43866
3.78929
3.02323
4.69104
2.33277
3.25642
4.3907
3.38605
3.63809
4.98829
2.31477
5.2761
4.63121
3.26821
5.062
4.8883
4.61979
2.80416
3.55402
4.12286
2.44485
3.06995
3.38799
3.50634
3.83896
4.20198
5.67116
3.75215
3.10615
2.47404
6.35684
2.43873
2.78848
2.73521
3.22591
5.50868
3.89354
6.20736
2.04782
3.49385
8.12471
2.82571
4.43815
3.82383
4.1622
2.32496
3.63132
2.81815
3.90725
3.95624
3.64567
2.50549
3.57772
4.77216
4.10728
3.98945
3.03742
6.30234
4.87759
3.97543
7.5632
4.64937
5.50232
4.36117
6.41017
99
14.0172
9.48173
3.7392
6.93151
5.77616
3.64331
7.22882
7.65975
3.94686
2.47176
5.02185
3.98
3.84323
0.774499
4.01747
4.17774
1.32178
2.68263
3.54115
4.18256
4.5177
4.0803
1.78499
4.69104
3.19413
3.25642
5.16446
3.38605
3.63809
2.77426
2.01711
5.5653
4.63121
3.15395
3.15816
6.32092
5.30791
4.8883
4.61979
3.96108
2.86805
4.78379
5.49896
4.48594
3.08127
2.38408
2.6562
1.97768
3.24822
3.50634
2.62016
4.20198
8.38938
5.67116
3.75215
6.85855
3.75943
3.10615
2.31403
6.22327
6.23041
3.39388
3.24438
5.10369
3.31483
3.01448
3.14996
6.26995
2.39654
3.74387
5.38748
2.60686
4.55883
3.57183
1.56042
3.85924
7.8047
2.87721
2.8949
4.1939
3.50275
2.50549
5.1663
3.85643
4.11734
2.43351
2.13766
3.12486
6.30234
3.91801
3.97543
7.5632
3.78718
2.79104
4.46048
4.41866
6.99758
3.58688
3.64624
7.41085
4.7214
8.09391
5.07733
9.53874
4.3001
4.07678
3.98812
5.10802
3.89225
7.17394
3.92902
8.30759
4.67785
4.41034
2.70232
2.47176
2.49372
7.56617
5.02185
3.71898
3.84323
2.61685
2.18509
2.52809
2.66476
1.97726
3.92741
3.51224
3.02323
4.86301
3.49266
3.3583
2.98978
2
3.38605
4.27128
5.31939
3.6015
4.84262
2.67421
4.5177
3.6891
2.18803
5.33147
3.42052
4.02793
4.98908
2.33457
4.30622
3.45062
5.062
4.8883
4.61979
2.75031
3.11784
2.05707
4.46892
4.48594
3.08127
2.92209
4.85519
3.5138
3.88146
4.29571
1.96298
7.24821
4.28057
3.10615
2.31403
6.52646
2.91436
2.89989
3.50625
3.28434
3.00043
3.79296
5.1835
7.1262
4.35608
5.07202
2.24752
3.72785
99
3.07792
4.30417
3.40072
2.32496
3.63132
2.87721
3.90725
4.17881
3.02406
3.42974
4.13594
2.31175
4.88364
3.68322
4.28364
2.87897
6.30234
5.55281
4.34019
6.79983
4.64937
5.76631
5.95877
5.52087
4.7214
8.5536
9.53874
14.9677
4.89438
10.0791
3.64331
7.24555
7.63352
3.39051
1.40425
7.55612
4.23498
3.99037
2.64453
2.66664
2.52809
3.46199
4.52068
3.74686
3.02323
4.69104
2.99222
3.25642
5.16446
4.17651
3.63809
5.36734
2.94441
6.27827
4.16504
4.92405
2.60147
3.26821
5.062
4.89003
4.12733
4.48671
2.80416
3.73308
6.00459
4.48594
3.08127
3.21929
3.22142
4.16511
4.35227
4.24091
5.22953
4.36946
5.67116
3.86411
2.99511
2.88524
6.85161
3.65954
2.52412
1.75039
3.42741
4.26512
5.18059
0.80478
3.40536
6.03564
5.5958
7.03643
2.60686
4.53331
4.55883
3.70757
3.25087
3.63132
2.87721
3.90725
3.73196
2.57987
3.50929
2.50549
4.77216
3.73319
5.01762
4.84613
4.06962
3.03742
6.30234
1.66725
5.44496
3.97543
7.5632
4.64937
5.50232
4.21299
6.33325
5.20338
8.09391
9.48173
6.24836
4.39205
4.42048
4.78297
3.96404
3.65147
7.16184
7.63352
3.70672
1.36263
4.77477
6.26505
4.17868
3.34012
2.49082
0.182938
3.49704
2.52809
2.74677
5.56397
3.71587
4.06346
3.4651
5.21131
2.33593
2.33277
3.31822
4.97054
3.38605
3.49353
3.86116
4.13138
2.49995
5.75073
99
3.28949
3.50229
4.13479
5.11279
8.29332
3.61303
3.3242
2.80416
3.55402
4.48594
3.08127
2.9475
2.64871
3.79502
3.87612
4.99219
5.67116
4.01021
3.90386
1.99399
6.22327
3.12975
2.89989
3.28434
3.00043
3.79296
4.57831
6.20736
2.04782
3.9002
3.97976
1.17128
2.96381
4.90975
2.2407
3.63132
2.87721
4.24904
3.85883
2.87374
2.01179
2.42745
4.24864
0.381791
8.61811
3.84323
3.15669
3.42762
4.63375
3.97543
7.5632
4.64937
5.26462
3.78316
7.51734
4.7214
8.09391
9.05925
6.93151
4.89438
3.98943
3.60689
3.64331
7.16569
7.70659
3.70672
2.40723
4.82296
4.17451
3.91891
4.84122
2.94258
4.1443
4.77515
2.52809
3.46199
4.52068
3.74686
3.95049
4.69104
3.19413
3.25642
5.16446
3.38605
3.6015
3.68945
4.28149
1.99894
7.08959
5.00691
3.26821
5.062
4.89003
4.48671
2.80416
3.55402
4.48594
3.08127
2.56462
3.24822
3.67632
3.83896
4.20198
5.84174
4.28057
2.45788
2.47404
6.22327
3.12975
2.89989
3.42665
3.28434
2.87554
3.16718
6.20736
2.04782
2.82522
5.5958
2.60686
4.55883
3.04463
2.34861
3.63132
2.71174
3.94856
3.73089
4.3543
3.51773
3.10654
4.96059
4.66288
3.82489
1.5021
3.81735
6.30234
3.05325
3.62076
7.5632
4.64937
5.50232
3.41986
4.14428
6.40097
4.68836
7.61118
9.48173
6.24836
3.82267
3.68761
3.67409
7.16184
7.63352
3.70672
2.47176
5.02185
3.62106
3.84323
2.61737
3.489
2.93519
3.02598
5.42648
3.74686
2.80055
4.69104
3.22134
3.80628
4.13936
6.36528
3.38605
3.96655
4.92055
99
3.791
5.44054
3.26821
3.87934
4.89003
4.48671
1.08675
4.21705
4.70367
3.31716
2.9475
3.51323
3.43205
4.10838
4.20198
6.19851
3.04197
3.63868
4.28057
2.97196
2.31403
6.22327
3.12975
2.70002
2.96938
2.87554
3.16718
6.20736
2.04782
6.6276
2.66654
3.51058
4.76599
2.87701
5.79622
5.45411
2.32496
3.63132
2.87721
4.34734
4.45052
4.61737
3.64567
2.99336
4.77216
3.46902
3.98945
2.6844
6.88972
2.61018
9.64085
4.85329
7.22583
4.64937
5.62121
4.76715
6.33811
4.7214
8.09391
10.2475
4.73023
5.22457
4.06567
3.64331
7.16184
6.82726
3.92008
3.19355
7.55612
3.98
3.84323
2.50181
3.68713
4.01747
2.52809
3.83282
4.98346
3.9305
3.02323
4.64257
3.19413
3.11345
8.24459
3.92787
3.63809
4.98829
1.99894
3.57794
4.89055
5.00871
3.32185
5.18678
4.61183
6.51281
2.90191
5.21572
5.05465
2.82692
2.56462
2.64871
2.70584
4.01334
4.02496
4.26429
7.45931
5.84174
5.99758
3.20223
4.35299
2.31403
6.48525
3.12975
2.35426
3.07346
3.28434
3.24749
4.09355
6.20736
2.04782
3.40536
5.5958
2.60686
4.55883
3.57183
3.15966
2.32496
3.80536
2.87721
3.90725
2.58175
4.1939
3.90273
2.39501
5.16577
3.9969
3.60861
3.28836
6.30234
5.82965
3.97543
7.5632
4.64937
5.50232
3.98341
4.14428
6.40097
4.60343
4.48967
7.76946
5.03578
9.48173
7.47647
3.43045
7.20568
3.7031
3.97067
4.7178
7.99356
2.1
7.63352
3.70672
2.47176
5.02185
2.66741
3.62106
3.58615
2.47874
3.29992
4.24185
2.12015
3.78809
4.52068
3.60634
5.17596
2.25051
4.69104
3.4454
3.19413
4.26709
3.47591
5.16446
3.38605
4.08738
2.69597
99
6.27611
3.20447
4.98281
4.42465
3.26821
5.062
4.8883
4.61979
2.74973
2.88983
4.25732
3.16186
3.52086
3.52615
4.1474
3.83896
4.09461
5.67116
2.32356
3.10615
2.31403
6.20191
4.33904
2.89989
3.46932
3.50564
5.02807
99
6.74547
3.73209
2.24752
3.36479
2.76875
6.24529
4.73255
2.34061
3.83014
3.18789
1.27329
3.63132
5.16632
5.49673
2.91588
3.13794
3.24928
4.66693
3.42974
2.50549
4.13607
5.60242
3.78965
3.98945
3.03742
6.30234
6.7235
2.41808
4.10186
6.79983
2.96977
4.32122
4.9416
4.14428
6.40097
6.4999
8.37278
9.48173
1.82361
5.22457
4.68971
5.87686
7.63352
3.70672
3.19945
2.7411
4.48404
3.98
3.84323
2.94353
2.85452
3.09884
1.96326
3.82159
4.16304
3.5517
1.12753
5.40934
3.78531
3.77254
5.16446
4.17651
3.63809
4.36421
4.92055
2.94441
5.22387
4.05622
3.08001
6.51576
7.15441
4.0867
4.81869
2.80416
3.4249
3.87018
5.09151
1.73866
3.08127
2.56462
3.24822
3.50197
3.76646
3.83896
4.629
5.15949
5.15939
4.28057
3.80034
4.04788
1.99399
6.52439
3.12975
2.89989
3.28434
2.77693
6.23721
6.20736
2.13902
2.61907
5.52345
2.53586
5.79622
4.98562
2.32496
3.63132
4.54429
2.77477
3.90725
4.87222
3.9408
3.64567
2.23625
6.56793
4.42202
3.75624
4.10732
3.98945
3.03742
6.30234
2.51527
7.58863
3.97543
8.34725
5.12261
5.08856
4.64937
5.50232
4.56918
6.41017
4.7214
8.09391
9.57937
4.87015
3.07404
4.86111
5.22457
3.55953
7.16184
7.05657
3.96197
2.01191
99
4.92856
4.14658
1.91409
3.29992
7.07305
2.52809
3.46199
4.20719
3.74686
2.99221
5.03997
3.19413
3.25642
5.30356
3.38605
3.63809
4.13138
3.26339
3.21938
1.99894
5.75073
4.63121
5.05613
3.74665
3.68664
5.40911
4.87867
5.25167
3.01836
4.52942
4.48594
3.08127
2.9475
3.24822
3.31965
2.30707
4.02502
4.20198
5.67116
3.36808
3.5816
3.20223
3.51159
5.5148
2.31403
6.22327
3.95103
2.66688
2.89989
3.28434
2.50608
3.79296
2.59685
6.20736
2.9073
2.74546
2.99292
3.40536
5.5958
2.60686
4.55883
3.37868
3.26798
2.1
3.17912
4.54476
4.30974
2.81174
5.39508
3.70659
4.1939
3.64567
2.25088
4.77216
4.23477
3.92466
3.98945
3.03742
6.30234
3.20396
4.06667
4.10186
7.42515
4.64937
5.77274
4.14428
5.21237
6.30405
4.38609
4.48967
10.2759
10.2475
6.24836
5.22457
3.32268
3.75088
3.98812
6.67162
7.70659
3.96245
3.70672
2.52925
4.85811
4.52306
4.49848
2.47874
3.29992
2.52809
3.72896
5.05573
3.07489
3.87707
3.11161
2.76383
4.69104
3.1018
1.50688
3.39441
2.3738
5.16446
3.70308
4.37546
3.82069
2.94441
5.5653
4.50916
4.62298
3.19319
5.062
4.8883
4.61979
2.80416
3.91686
4.48594
3.08127
2.9475
3.24822
4.77917
3.83896
4.20198
5.67116
3.75215
4.08494
3.10615
2.47404
5.76136
2.8347
2.89989
3.48026
2.56584
4.46965
3.3446
2.19748
5.12402
5.98434
2.04782
3.10003
2.85013
4.98051
2.60686
4.61738
4.53256
4.30368
1.27329
3.63132
3.18257
3.12896
3.06449
3.57373
1.88255
4.88364
3.5002
3.98945
2.68439
6.30234
2.51527
3.97543
7.5115
4.64937
5.50232
4.36117
6.83806
4.7214
6.8994
9.48173
6.24836
5.22457
3.55953
7.16184
7.63352
4.08204
1.76289
5.16535
2.03468
4.00137
2.46353
3.36543
6.19956
3.25169
0.496606
4.52068
3.77581
3.56122
3.87668
2.88906
4.69104
4.48617
3.78415
4.2058
1.6666
5.65208
2.98828
4.98271
3.59438
2.94441
5.5653
4.44245
3.26821
5.062
4.63736
4.92831
2.09012
6.34868
4.37421
4.48594
3.08127
3.23337
1.63304
2.043
3.50634
4.02502
4.20198
4.62198
5.58937
6.94599
4.77438
3.10615
7.45084
3.29663
2.31403
6.22327
3.12975
3.02213
3.87192
3.28434
3.19075
3.09614
2.58576
6.13394
2.22869
3.40536
5.5958
2.57648
2.67948
3.13169
4.55883
5.40985
3.67726
2.2407
3.63132
2.81174
4.04287
3.23448
3.82816
2.24928
4.00561
2.50549
4.77216
5.01762
4.35291
2.78268
6.30234
0.589254
3.97543
7.5632
4.64937
5.77274
4.36117
6.12792
4.24456
3.25704
3.99874
9.48173
4.3001
5.22457
3.81898
3.38869
3.59524
7.16184
7.63352
3.70672
3.22169
4.99619
3.98
3.58615
2.30384
3.11726
2.55293
0.441399
2.83932
4.52068
3.74686
3.02323
4.69104
3.19413
3.25642
5.19256
3.38605
3.63809
2.83336
4.09244
99
5.40145
2.42706
4.25289
4.02717
4.31419
99
4.8883
4.21683
2.27701
3.14146
3.22776
4.47182
1.98873
2.9359
3.24822
3.56
3.83896
4.20198
5.67116
5.99758
3.04672
2.31403
5.75411
1.64092
0.999967
2.87252
3.49097
3.42741
3.79296
6.20736
2.04782
3.40536
7.75584
3.55491
2.67948
4.55883
3.49354
2.57775
2.90925
1.23333
3.38734
3.90725
4.1939
4.01268
2.96775
2.83684
4.41633
1.93562
1
4.11734
3.31796
5.38495
3.62263
3.76341
7.5632
4.64937
5.50232
4.14428
6.33336
4.70635
5.20338
6.56468
8.68604
6.24836
5.22457
3.64331
7.37956
7.63352
3.70672
1.51816
5.16535
2.03468
4.00137
2.13129
99
4.10575
2.56479
2.74677
4.18256
3.74686
2.76383
4.69104
3.19413
1.44998
3.95582
3.38605
3.63809
3.6177
1.99894
3.1915
5.39357
3.26821
5.33124
4.8883
5.21409
2.80416
3.55402
4.48594
3.08127
2.9475
3.34814
3.7875
3.83896
4.20198
5.67116
3.86411
3.46743
2.61701
99
6.99898
2.1634
3.05161
3.51484
3.24749
2.59718
6.20736
2.04782
3.41923
7.27684
3.04773
5.19668
3.75918
3.57183
2.32496
3.63132
2.87721
4.0091
2.8387
4.00561
2.50549
4.77216
3.89649
4.10892
99
3.03742
6.30234
3.91801
3.97543
7.5632
4.64937
5.50232
4.14428
6.25054
6.92428
3.56877
7.53619
9.39589
10.0363
7.20568
2.47063
3.64331
6.39548
9.85079
4.56
2.47176
5.03988
4.23498
2.04135
4.14756
2.47874
3.56758
3.09884
2.39739
3.46199
